100.00	0.00	7.23	30.00	150.00	2.70	97.30	0.50	

19.99	20.00	0.000000	28.144
19.99	20.00	0.000017	28.239
19.99	20.00	0.000033	28.339
19.99	20.00	0.000050	28.443
19.99	20.01	0.000067	28.538
19.96	20.01	0.000083	28.639
19.96	20.01	0.000100	28.742
19.96	20.01	0.000117	28.837
19.96	20.01	0.000133	28.939
19.96	20.01	0.000150	29.041
19.96	20.01	0.000167	29.137
19.96	20.01	0.000183	29.239
19.96	20.01	0.000200	29.339
19.96	20.01	0.000217	29.438
19.96	20.01	0.000233	29.538
19.96	20.01	0.000250	29.638
19.96	20.01	0.000267	29.738
19.96	20.00	0.000283	29.838
19.96	20.00	0.000300	29.938
19.99	20.00	0.000317	30.037
19.99	20.00	0.000333	30.138
19.99	20.00	0.000350	30.237
19.99	20.00	0.000367	30.339
19.99	20.00	0.000383	30.438
20.01	19.99	0.000400	30.538
20.01	19.99	0.000416	30.639
20.01	19.99	0.000433	30.738
20.01	19.99	0.000450	30.839
20.01	19.99	0.000466	30.938
20.01	19.99	0.000483	31.039
20.01	19.99	0.000500	31.138
20.04	19.99	0.000516	31.239
20.04	19.99	0.000533	31.338
20.04	19.99	0.000550	31.439
20.04	19.99	0.000566	31.539
20.04	19.99	0.000583	31.638
20.04	19.99	0.000600	31.739
20.04	20.00	0.000616	31.838
20.04	20.00	0.000633	31.939
20.01	20.00	0.000650	32.038
20.01	20.00	0.000666	32.139
20.01	20.00	0.000683	32.239
20.01	20.00	0.000700	32.338
20.01	20.00	0.000716	32.439
20.01	20.00	0.000733	32.538
20.01	20.01	0.000750	32.639
20.01	20.01	0.000766	32.738
20.01	20.01	0.000783	32.839
20.01	20.01	0.000800	32.939
20.01	20.01	0.000816	33.039
20.01	20.01	0.000833	33.139
20.01	20.01	0.000850	33.239
20.01	20.01	0.000866	33.339
20.01	20.01	0.000883	33.438
20.01	20.01	0.000900	33.539
20.01	20.01	0.000916	33.638
20.01	20.01	0.000933	33.739
20.01	20.01	0.000950	33.838
20.01	20.00	0.000966	33.939
20.01	20.00	0.000983	34.038
20.01	20.00	0.001000	34.139
20.01	20.00	0.001016	34.238
20.01	20.00	0.001033	34.339
20.01	20.00	0.001050	34.438
20.01	20.00	0.001066	34.568
20.01	19.99	0.001083	34.663
20.01	19.99	0.001100	34.762
20.01	19.99	0.001116	34.867
20.01	19.99	0.001133	34.961
19.99	19.99	0.001150	35.061
19.99	19.99	0.001166	35.165
19.99	19.99	0.001183	35.260
19.99	19.99	0.001200	35.361
19.99	19.99	0.001216	35.464
19.99	19.99	0.001233	35.559
19.99	19.99	0.001250	35.661
19.99	19.99	0.001266	35.763
19.99	19.99	0.001283	35.857
19.99	20.00	0.001299	35.961
19.99	20.00	0.001316	36.061
19.99	20.00	0.001333	36.156
19.99	20.00	0.001349	36.260
19.99	20.00	0.001366	36.360
19.99	20.00	0.001383	36.455
19.99	20.00	0.001399	36.559
19.99	20.00	0.001416	36.659
19.99	20.01	0.001433	36.753
19.99	20.01	0.001449	36.858
19.99	20.01	0.001466	36.957
19.99	20.01	0.001483	37.052
19.99	20.01	0.001499	37.157
19.99	20.01	0.001516	37.251
20.01	20.01	0.001533	37.351
20.01	20.01	0.001549	37.455
20.01	20.01	0.001566	37.550
20.01	20.01	0.001583	37.649
20.01	20.01	0.001599	37.754
20.01	20.01	0.001616	37.849
20.01	20.01	0.001633	37.948
20.01	20.00	0.001649	38.054
20.01	20.00	0.001666	38.147
20.01	20.00	0.001683	38.248
20.01	20.00	0.001699	38.352
20.01	20.00	0.001716	38.447
20.01	20.00	0.001733	38.546
20.01	20.00	0.001749	38.651
20.01	19.99	0.001766	38.745
20.01	19.99	0.001783	38.845
20.01	19.99	0.001799	38.949
20.01	19.99	0.001816	39.044
20.01	19.99	0.001833	39.143
20.01	19.99	0.001849	39.248
20.01	19.99	0.001866	39.343
20.01	19.99	0.001883	39.442
20.01	19.99	0.001899	39.547
20.01	19.99	0.001916	39.691
20.01	19.99	0.001933	39.795
20.01	19.99	0.001949	39.890
20.01	19.99	0.001966	39.990
20.01	20.00	0.001983	40.095
20.01	20.00	0.001999	40.189
20.01	20.00	0.002016	40.289
20.01	20.00	0.002033	40.393
19.99	20.00	0.002049	40.488
19.99	20.00	0.002066	40.587
19.99	20.00	0.002082	40.692
19.99	20.00	0.002099	40.786
19.99	20.01	0.002116	40.886
19.99	20.01	0.002132	40.990
19.99	20.01	0.002149	41.085
19.99	20.01	0.002166	41.184
19.99	20.01	0.002182	41.289
19.99	20.01	0.002199	41.384
19.99	20.01	0.002216	41.483
19.99	20.01	0.002232	41.589
19.99	20.01	0.002249	41.682
19.99	20.01	0.002266	41.783
19.99	20.01	0.002282	41.887
19.99	20.01	0.002299	41.981
19.99	20.01	0.002316	42.083
19.99	20.00	0.002332	42.186
19.99	20.00	0.002349	42.280
20.01	20.00	0.002366	42.384
20.01	20.00	0.002382	42.484
20.01	20.00	0.002399	42.580
20.01	20.00	0.002416	42.683
20.01	20.00	0.002432	42.783
20.01	19.99	0.002449	42.880
20.01	19.99	0.002466	42.982
20.01	19.99	0.002482	43.082
20.01	19.99	0.002499	43.179
20.01	19.99	0.002516	43.281
20.01	19.99	0.002532	43.380
20.01	19.99	0.002549	43.480
20.01	19.99	0.002566	43.579
20.01	19.99	0.002582	43.680
20.01	19.99	0.002599	43.780
20.01	19.99	0.002616	43.879
19.99	19.99	0.002632	43.980
19.99	19.99	0.002649	44.080
19.99	20.00	0.002666	44.181
19.99	20.00	0.002682	44.280
19.99	20.00	0.002699	44.381
19.99	20.00	0.002716	44.481
19.99	20.00	0.002732	44.580
19.99	20.00	0.002749	44.680
19.99	20.00	0.002766	44.781
19.99	20.00	0.002782	44.880
19.99	20.01	0.002799	44.980
19.99	20.01	0.002816	45.081
19.99	20.01	0.002832	45.181
19.99	20.01	0.002849	45.280
19.99	20.01	0.002866	45.381
19.99	20.01	0.002882	45.479
19.99	20.01	0.002899	45.581
19.99	20.01	0.002915	45.681
19.99	20.01	0.002932	45.782
19.99	20.01	0.002949	45.882
19.99	20.01	0.002965	45.981
19.99	20.01	0.002982	46.082
19.99	20.01	0.002999	46.181
19.99	20.00	0.003015	46.282
19.99	20.00	0.003032	46.381
20.01	20.00	0.003049	46.487
20.01	20.00	0.003065	46.586
20.01	20.00	0.003082	46.712
20.01	20.00	0.003099	46.816
20.01	20.00	0.003115	46.911
20.01	19.99	0.003132	47.011
20.01	19.99	0.003149	47.116
20.01	19.99	0.003165	47.210
20.01	19.99	0.003182	47.309
20.01	19.99	0.003199	47.414
20.01	19.99	0.003215	47.509
20.01	19.99	0.003232	47.609
20.01	19.99	0.003249	47.713
20.01	19.99	0.003265	47.807
20.01	19.99	0.003282	47.907
20.01	19.99	0.003299	48.012
20.01	19.99	0.003315	48.106
20.01	19.99	0.003332	48.206
20.01	20.00	0.003349	48.310
20.01	20.00	0.003365	48.405
19.99	20.00	0.003382	48.505
19.99	20.00	0.003399	48.609
19.99	20.00	0.003415	48.703
19.99	20.00	0.003432	48.805
19.99	20.00	0.003449	48.908
19.99	20.00	0.003465	49.002
19.99	20.01	0.003482	49.106
19.99	20.01	0.003499	49.206
19.99	20.01	0.003515	49.301
19.99	20.01	0.003532	49.405
19.99	20.01	0.003549	49.505
19.99	20.01	0.003565	49.600
19.99	20.01	0.003582	49.704
19.99	20.01	0.003599	49.804
19.99	20.01	0.003615	49.898
19.99	20.01	0.003632	50.003
20.01	20.01	0.003649	50.102
20.01	20.01	0.003665	50.197
20.01	20.01	0.003682	50.301
20.01	20.00	0.003699	50.401
20.01	20.00	0.003715	50.496
20.01	20.00	0.003732	50.600
20.01	20.00	0.003748	50.695
20.01	20.00	0.003765	50.794
20.01	20.00	0.003782	50.899
20.01	20.00	0.003798	50.994
20.01	19.99	0.003815	51.095
20.01	19.99	0.003832	51.198
20.01	19.99	0.003848	51.295
20.01	19.99	0.003865	51.395
20.01	19.99	0.003882	51.496
20.01	19.99	0.003898	51.595
20.01	19.99	0.003915	51.694
20.01	19.99	0.003932	51.795
20.01	19.99	0.003948	51.894
20.01	19.99	0.003965	51.995
20.01	19.99	0.003982	52.094
20.01	19.99	0.003998	52.194
20.01	19.99	0.004015	52.295
20.01	20.00	0.004032	52.394
20.01	20.00	0.004048	52.495
19.99	20.00	0.004065	52.594
19.99	20.00	0.004082	52.695
19.99	20.00	0.004098	52.794
19.99	20.00	0.004115	52.895
19.99	20.00	0.004132	52.994
19.99	20.00	0.004148	53.095
19.99	20.01	0.004165	53.194
19.99	20.01	0.004182	53.295
19.99	20.01	0.004198	53.394
19.99	20.01	0.004215	53.495
19.99	20.01	0.004232	53.594
19.99	20.01	0.004248	53.695
19.99	20.01	0.004265	53.794
19.99	20.01	0.004282	53.895
19.99	20.01	0.004298	53.994
19.99	20.01	0.004315	54.095
19.99	20.01	0.004332	54.195
19.99	20.01	0.004348	54.295
20.01	20.01	0.004365	54.393
20.01	20.00	0.004382	54.495
20.01	20.00	0.004398	54.594
20.01	20.00	0.004415	54.695
20.01	20.00	0.004432	54.794
20.01	20.00	0.004448	54.895
20.01	20.00	0.004465	54.994
20.01	20.00	0.004482	55.095
20.01	19.99	0.004498	55.195
20.01	19.99	0.004515	55.294
20.01	19.99	0.004532	55.395
20.01	19.99	0.004548	55.494
20.01	19.99	0.004565	55.594
20.01	19.99	0.004581	55.695
20.01	19.99	0.004598	55.794
20.01	19.99	0.004615	55.895
20.01	19.99	0.004631	55.995
20.01	19.99	0.004648	56.094
20.01	19.99	0.004665	56.195
19.99	19.99	0.004681	56.295
19.99	19.99	0.004698	56.396
19.99	20.00	0.004715	56.495
19.99	20.00	0.004731	56.620
19.99	20.00	0.004748	56.695
19.99	20.00	0.004765	56.824
19.99	20.00	0.004781	56.919
19.99	20.00	0.004798	57.023
19.99	20.00	0.004815	57.118
19.99	20.00	0.004831	57.218
19.99	20.01	0.004848	57.322
19.99	20.01	0.004865	57.416
19.99	20.01	0.004881	57.516
19.99	20.01	0.004898	57.621
19.99	20.01	0.004915	57.715
19.99	20.01	0.004931	57.815
19.99	20.01	0.004948	57.919
19.99	20.01	0.004965	58.014
19.99	20.01	0.004981	58.113
19.99	20.01	0.004998	58.218
19.99	20.01	0.005015	58.312
19.99	20.01	0.005031	58.412
19.99	20.01	0.005048	58.517
20.01	20.00	0.005065	58.612
20.01	20.00	0.005081	58.712
20.01	20.00	0.005098	58.816
20.01	20.00	0.005115	58.911
20.01	20.00	0.005131	59.010
20.01	20.00	0.005148	59.115
20.01	20.00	0.005165	59.209
20.01	19.99	0.005181	59.309
20.01	19.99	0.005198	59.413
20.01	19.99	0.005215	59.508
20.01	19.99	0.005231	59.608
20.01	19.99	0.005248	59.712
20.01	19.99	0.005265	59.806
20.01	19.99	0.005281	59.909
20.01	19.99	0.005298	00.011
20.01	19.99	0.005315	00.105
20.01	19.99	0.005331	00.209
20.01	19.99	0.005348	00.309
20.01	19.99	0.005365	00.404
20.01	19.99	0.005381	00.508
20.01	20.00	0.005398	00.608
20.01	20.00	0.005414	00.703
19.99	20.00	0.005431	00.807
19.99	20.00	0.005448	00.907
19.99	20.00	0.005464	01.001
19.99	20.00	0.005481	01.106
19.99	20.00	0.005498	01.205
19.99	20.00	0.005514	01.300
19.99	20.01	0.005531	01.404
19.99	20.01	0.005548	01.499
19.99	20.01	0.005564	01.599
19.99	20.01	0.005581	01.703
19.99	20.01	0.005598	01.805
19.99	20.01	0.005614	01.900
19.99	20.01	0.005631	02.002
19.99	20.01	0.005648	02.104
19.99	20.01	0.005664	02.201
19.99	20.01	0.005681	02.300
19.99	20.01	0.005698	02.405
19.99	20.01	0.005714	02.501
19.99	20.01	0.005731	02.600
19.99	20.00	0.005748	02.705
20.01	20.00	0.005764	02.800
20.01	20.00	0.005781	02.901
20.01	20.00	0.005798	03.005
20.01	20.00	0.005814	03.102
20.01	20.00	0.005831	03.202
20.01	20.00	0.005848	03.305
20.01	19.99	0.005864	03.402
20.01	19.99	0.005881	03.501
20.01	19.99	0.005898	03.605
20.01	19.99	0.005914	03.702
20.01	19.99	0.005931	03.803
20.01	19.99	0.005948	03.906
20.01	19.99	0.005964	04.002
20.01	19.99	0.005981	04.103
20.01	19.99	0.005998	04.205
20.01	19.99	0.006014	04.303
20.01	19.99	0.006031	04.402
20.01	19.99	0.006048	04.506
20.01	19.99	0.006064	04.602
20.01	20.00	0.006081	04.703
19.99	20.00	0.006098	04.806
19.99	20.00	0.006114	04.901
19.99	20.00	0.006131	05.003
19.99	20.00	0.006148	05.106
19.99	20.00	0.006164	05.202
19.99	20.00	0.006181	05.301
19.99	20.00	0.006198	05.406
19.99	20.01	0.006214	05.503
19.99	20.01	0.006231	05.603
19.99	20.01	0.006247	05.706
19.99	20.01	0.006264	05.803
19.99	20.01	0.006281	05.902
19.99	20.01	0.006297	06.006
19.99	20.01	0.006314	06.103
19.99	20.01	0.006331	06.204
19.99	20.01	0.006347	06.307
19.99	20.01	0.006364	06.403
19.99	20.01	0.006381	06.504
19.99	20.01	0.006397	06.606
19.99	20.01	0.006414	06.733
19.99	20.00	0.006431	06.827
20.01	20.00	0.006447	06.906
20.01	20.00	0.006464	07.031
20.01	20.00	0.006481	07.126
20.01	20.00	0.006497	07.230
20.01	20.00	0.006514	07.330
20.01	20.00	0.006531	07.425
20.01	19.99	0.006547	07.529
20.01	19.99	0.006564	07.629
20.01	19.99	0.006581	07.723
20.01	19.99	0.006597	07.828
20.01	19.99	0.006614	07.927
20.01	19.99	0.006631	08.022
20.01	19.99	0.006647	08.127
20.01	19.99	0.006664	08.221
20.01	19.99	0.006681	08.321
20.01	19.99	0.006697	08.425
20.01	19.99	0.006714	08.520
20.01	19.99	0.006731	08.619
20.01	19.99	0.006747	08.724
20.01	20.00	0.006764	08.819
20.01	20.00	0.006781	08.918
19.99	20.00	0.006797	09.023
19.99	20.00	0.006814	09.117
19.99	20.00	0.006831	09.217
19.99	20.00	0.006847	09.321
19.99	20.00	0.006864	09.416
19.99	20.00	0.006881	09.515
19.99	20.01	0.006897	09.620
19.99	20.01	0.006914	09.715
19.99	20.01	0.006931	09.814
19.99	20.01	0.006947	09.919
19.99	20.01	0.006964	10.013
19.99	20.01	0.006981	10.113
19.99	20.01	0.006997	10.217
19.99	20.01	0.007014	10.312
19.99	20.01	0.007031	10.413
19.99	20.01	0.007047	10.517
19.99	20.01	0.007064	10.612
19.99	20.01	0.007080	10.712
19.99	20.01	0.007097	10.816
19.99	20.00	0.007114	10.910
20.01	20.00	0.007130	11.012
20.01	20.00	0.007147	11.114
20.01	20.00	0.007164	11.209
20.01	20.00	0.007180	11.313
20.01	20.00	0.007197	11.413
20.01	20.00	0.007214	11.508
20.01	19.99	0.007230	11.612
20.01	19.99	0.007247	11.712
20.01	19.99	0.007264	11.806
20.01	19.99	0.007280	11.911
20.01	19.99	0.007297	12.011
20.01	19.99	0.007314	12.105
20.01	19.99	0.007330	12.210
20.01	19.99	0.007347	12.309
20.01	19.99	0.007364	12.405
20.01	19.99	0.007380	12.508
20.01	19.99	0.007397	12.608
20.01	19.99	0.007414	12.704
20.01	19.99	0.007430	12.807
20.01	20.00	0.007447	12.909
20.01	20.00	0.007464	13.004
19.99	20.00	0.007480	13.106
19.99	20.00	0.007497	13.208
19.99	20.00	0.007514	13.305
19.99	20.00	0.007530	13.404
19.99	20.00	0.007547	13.508
19.99	20.00	0.007564	13.605
19.99	20.01	0.007580	13.704
19.99	20.01	0.007597	13.809
19.99	20.01	0.007614	13.904
19.99	20.01	0.007630	14.005
19.99	20.01	0.007647	14.108
19.99	20.01	0.007664	14.205
19.99	20.01	0.007680	14.304
19.99	20.01	0.007697	14.409
19.99	20.01	0.007714	14.505
19.99	20.01	0.007730	14.604
19.99	20.01	0.007747	14.709
19.99	20.01	0.007764	14.804
19.99	20.01	0.007780	14.905
20.01	20.00	0.007797	15.008
20.01	20.00	0.007814	15.105
20.01	20.00	0.007830	15.205
20.01	20.00	0.007847	15.309
20.01	20.00	0.007864	15.405
20.01	20.00	0.007880	15.504
20.01	20.00	0.007897	15.609
20.01	19.99	0.007913	15.704
20.01	19.99	0.007930	15.805
20.01	19.99	0.007947	15.909
20.01	19.99	0.007963	16.005
20.01	19.99	0.007980	16.105
20.01	19.99	0.007997	16.204
20.01	19.99	0.008013	16.305
20.01	19.99	0.008030	16.404
20.01	19.99	0.008047	16.510
20.01	19.99	0.008063	16.604
20.01	19.99	0.008080	16.705
20.01	19.99	0.008097	16.804
20.01	19.99	0.008113	16.904
20.01	20.00	0.008130	17.005
20.01	20.00	0.008147	17.103
19.99	20.00	0.008163	17.205
19.99	20.00	0.008180	17.303
19.99	20.00	0.008197	17.404
19.99	20.00	0.008213	17.505
19.99	20.00	0.008230	17.605
19.99	20.00	0.008247	17.704
19.99	20.01	0.008263	17.805
19.99	20.01	0.008280	17.904
19.99	20.01	0.008297	18.005
19.99	20.01	0.008313	18.104
19.99	20.01	0.008330	18.205
19.99	20.01	0.008347	18.304
19.99	20.01	0.008363	18.434
19.99	20.01	0.008380	18.528
19.99	20.01	0.008397	18.633
19.99	20.01	0.008413	18.733
19.99	20.01	0.008430	18.827
19.99	20.01	0.008447	18.932
19.99	20.01	0.008463	19.031
19.99	20.00	0.008480	19.126
19.99	20.00	0.008497	19.230
20.01	20.00	0.008513	19.325
20.01	20.00	0.008530	19.425
20.01	20.00	0.008547	19.529
20.01	20.00	0.008563	19.624
20.01	20.00	0.008580	19.723
20.01	19.99	0.008597	19.828
20.01	19.99	0.008613	19.922
20.01	19.99	0.008630	20.021
20.01	19.99	0.008647	20.126
20.01	19.99	0.008663	20.221
20.01	19.99	0.008680	20.320
20.01	19.99	0.008697	20.426
20.01	19.99	0.008713	20.519
20.01	19.99	0.008730	20.620
20.01	19.99	0.008746	20.724
20.01	19.99	0.008763	20.818
20.01	19.99	0.008780	20.918
20.01	19.99	0.008796	21.023
20.01	20.00	0.008813	21.117
20.01	20.00	0.008830	21.217
20.01	20.00	0.008846	21.322
19.99	20.00	0.008863	21.416
19.99	20.00	0.008880	21.516
19.99	20.00	0.008896	21.620
19.99	20.00	0.008913	21.715
19.99	20.00	0.008930	21.816
19.99	20.01	0.008946	21.919
19.99	20.01	0.008963	22.014
19.99	20.01	0.008980	22.115
19.99	20.01	0.008996	22.218
19.99	20.01	0.009013	22.312
19.99	20.01	0.009030	22.415
19.99	20.01	0.009046	22.517
19.99	20.01	0.009063	22.611
19.99	20.01	0.009080	22.716
19.99	20.01	0.009096	22.815
19.99	20.01	0.009113	22.910
19.99	20.01	0.009130	23.014
19.99	20.01	0.009146	23.114
19.99	20.00	0.009163	23.209
20.01	20.00	0.009180	23.313
20.01	20.00	0.009196	23.413
20.01	20.00	0.009213	23.507
20.01	20.00	0.009230	23.612
20.01	20.00	0.009246	23.706
20.01	20.00	0.009263	23.806
20.01	19.99	0.009280	23.910
20.01	19.99	0.009296	24.007
20.01	19.99	0.009313	24.106
20.01	19.99	0.009330	24.209
20.01	19.99	0.009346	24.306
20.01	19.99	0.009363	24.407
20.01	19.99	0.009380	24.508
20.01	19.99	0.009396	24.606
20.01	19.99	0.009413	24.706
20.01	19.99	0.009430	24.807
20.01	19.99	0.009446	24.907
20.01	19.99	0.009463	25.007
19.99	19.99	0.009480	25.107
19.99	20.00	0.009496	25.206
19.99	20.00	0.009513	25.307
19.99	20.00	0.009530	25.406
19.99	20.00	0.009546	25.507
19.99	20.00	0.009563	25.606
19.99	20.00	0.009579	25.707
19.99	20.00	0.009596	25.807
19.99	20.00	0.009613	25.906
19.99	20.01	0.009629	26.007
19.99	20.01	0.009646	26.106
19.99	20.01	0.009663	26.207
19.99	20.01	0.009679	26.306
19.99	20.01	0.009696	26.407
19.99	20.01	0.009713	26.507
19.99	20.01	0.009729	26.607
19.99	20.01	0.009746	26.707
19.99	20.01	0.009763	26.806
19.99	20.01	0.009779	26.907
19.99	20.01	0.009796	27.006
19.99	20.01	0.009813	27.108
19.99	20.01	0.009829	27.207
20.01	20.00	0.009846	27.313
20.01	20.00	0.009863	27.408
20.01	20.00	0.009879	27.508
20.01	20.00	0.009896	27.607
20.01	20.00	0.009913	27.708
20.01	20.00	0.009929	27.807
20.01	20.00	0.009946	27.908
20.01	19.99	0.009963	28.007
20.01	19.99	0.009979	28.108
20.01	19.99	0.009996	28.208
20.01	19.99	0.010013	28.307
20.01	19.99	0.010029	28.408
20.01	19.99	0.010046	28.507
20.01	19.99	0.010063	28.608
20.01	19.99	0.010079	28.707
20.01	19.99	0.010096	28.808
20.01	19.99	0.010113	28.907
20.01	19.99	0.010129	29.008
20.01	19.99	0.010146	29.108
20.01	19.99	0.010163	29.207
20.01	20.00	0.010179	29.308
20.01	20.00	0.010196	29.407
20.01	20.00	0.010213	29.507
19.99	20.00	0.010229	29.606
19.99	20.00	0.010246	29.736
19.99	20.00	0.010263	29.835
19.99	20.00	0.010279	29.930
19.99	20.00	0.010296	30.035
19.99	20.01	0.010313	30.134
19.99	20.01	0.010329	30.229
19.99	20.01	0.010346	30.333
19.99	20.01	0.010363	30.428
19.99	20.01	0.010379	30.527
19.99	20.01	0.010396	30.632
19.99	20.01	0.010412	30.726
19.99	20.01	0.010429	30.826
19.99	20.01	0.010446	30.931
19.99	20.01	0.010462	31.025
19.99	20.01	0.010479	31.125
19.99	20.01	0.010496	31.229
19.99	20.01	0.010512	31.324
19.99	20.00	0.010529	31.423
19.99	20.00	0.010546	31.528
20.01	20.00	0.010562	31.623
20.01	20.00	0.010579	31.723
20.01	20.00	0.010596	31.828
20.01	20.00	0.010612	31.922
20.01	20.00	0.010629	32.022
20.01	19.99	0.010646	32.126
20.01	19.99	0.010662	32.221
20.01	19.99	0.010679	32.320
20.01	19.99	0.010696	32.425
20.01	19.99	0.010712	32.519
20.01	19.99	0.010729	32.619
20.01	19.99	0.010746	32.723
20.01	19.99	0.010762	32.818
20.01	19.99	0.010779	32.918
20.01	19.99	0.010796	33.022
20.01	19.99	0.010812	33.117
20.01	19.99	0.010829	33.219
20.01	19.99	0.010846	33.321
20.01	20.00	0.010862	33.415
19.99	20.00	0.010879	33.519
19.99	20.00	0.010896	33.619
19.99	20.00	0.010912	33.714
19.99	20.00	0.010929	33.818
19.99	20.00	0.010946	33.918
19.99	20.00	0.010962	34.013
19.99	20.00	0.010979	34.117
19.99	20.01	0.010996	34.217
19.99	20.01	0.011012	34.311
19.99	20.01	0.011029	34.416
19.99	20.01	0.011046	34.515
19.99	20.01	0.011062	34.610
19.99	20.01	0.011079	34.714
19.99	20.01	0.011096	34.809
19.99	20.01	0.011112	34.909
19.99	20.01	0.011129	35.013
19.99	20.01	0.011146	35.109
19.99	20.01	0.011162	35.208
19.99	20.01	0.011179	35.312
20.01	20.01	0.011196	35.409
20.01	20.00	0.011212	35.510
20.01	20.00	0.011229	35.612
20.01	20.00	0.011245	35.710
20.01	20.00	0.011262	35.810
20.01	20.00	0.011279	35.910
20.01	20.00	0.011295	36.010
20.01	20.00	0.011312	36.109
20.01	19.99	0.011329	36.210
20.01	19.99	0.011345	36.309
20.01	19.99	0.011362	36.410
20.01	19.99	0.011379	36.509
20.01	19.99	0.011395	36.610
20.01	19.99	0.011412	36.709
20.01	19.99	0.011429	36.810
20.01	19.99	0.011445	36.909
20.01	19.99	0.011462	37.010
20.01	19.99	0.011479	37.109
20.01	19.99	0.011495	37.210
20.01	19.99	0.011512	37.310
20.01	19.99	0.011529	37.409
20.01	20.00	0.011545	37.510
20.01	20.00	0.011562	37.609
20.01	20.00	0.011579	37.711
20.01	20.00	0.011595	37.810
20.01	20.00	0.011612	37.911
19.99	20.00	0.011629	38.011
19.99	20.00	0.011645	38.110
19.99	20.00	0.011662	38.211
19.99	20.01	0.011679	38.310
19.99	20.01	0.011695	38.411
19.99	20.01	0.011712	38.510
19.99	20.01	0.011729	38.611
19.99	20.01	0.011745	38.710
19.99	20.01	0.011762	38.811
19.99	20.01	0.011779	38.911
19.99	20.01	0.011795	39.010
19.99	20.01	0.011812	39.111
19.99	20.01	0.011829	39.210
19.99	20.01	0.011845	39.311
19.99	20.01	0.011862	39.410
20.01	20.01	0.011879	39.511
20.01	20.00	0.011895	39.611
20.01	20.00	0.011912	39.711
20.01	20.00	0.011929	39.811
20.01	20.00	0.011945	39.910
20.01	20.00	0.011962	40.011
20.01	20.00	0.011979	40.110
20.01	20.00	0.011995	40.211
20.01	19.99	0.012012	40.310
20.01	19.99	0.012029	40.411
20.01	19.99	0.012045	40.511
20.01	19.99	0.012062	40.610
20.01	19.99	0.012078	40.710
20.01	19.99	0.012095	40.809
20.01	19.99	0.012112	40.939
20.01	19.99	0.012128	41.033
20.01	19.99	0.012145	41.138
20.01	19.99	0.012162	41.237
20.01	19.99	0.012178	41.332
19.99	19.99	0.012195	41.436
19.99	19.99	0.012212	41.531
19.99	20.00	0.012228	41.631
19.99	20.00	0.012245	41.735
19.99	20.00	0.012262	41.830
19.99	20.00	0.012278	41.929
19.99	20.00	0.012295	42.034
19.99	20.00	0.012312	42.128
19.99	20.00	0.012328	42.228
19.99	20.00	0.012345	42.334
19.99	20.01	0.012362	42.427
19.99	20.01	0.012378	42.527
19.99	20.01	0.012395	42.632
19.99	20.01	0.012412	42.727
19.99	20.01	0.012428	42.826
19.99	20.01	0.012445	42.931
19.99	20.01	0.012462	43.025
19.99	20.01	0.012478	43.125
19.99	20.01	0.012495	43.230
19.99	20.01	0.012512	43.324
19.99	20.01	0.012528	43.424
19.99	20.01	0.012545	43.528
19.99	20.01	0.012562	43.623
19.99	20.00	0.012578	43.722
20.01	20.00	0.012595	43.827
20.01	20.00	0.012612	43.922
20.01	20.00	0.012628	44.022
20.01	20.00	0.012645	44.126
20.01	20.00	0.012662	44.220
20.01	20.00	0.012678	44.322
20.01	19.99	0.012695	44.424
20.01	19.99	0.012712	44.519
20.01	19.99	0.012728	44.622
20.01	19.99	0.012745	44.723
20.01	19.99	0.012762	44.818
20.01	19.99	0.012778	44.922
20.01	19.99	0.012795	45.022
20.01	19.99	0.012812	45.116
20.01	19.99	0.012828	45.221
20.01	19.99	0.012845	45.320
20.01	19.99	0.012862	45.415
20.01	19.99	0.012878	45.519
20.01	19.99	0.012895	45.619
20.01	20.00	0.012911	45.714
20.01	20.00	0.012928	45.818
19.99	20.00	0.012945	45.913
19.99	20.00	0.012961	46.012
19.99	20.00	0.012978	46.117
19.99	20.00	0.012995	46.211
19.99	20.00	0.013011	46.311
19.99	20.00	0.013028	46.416
19.99	20.01	0.013045	46.510
19.99	20.01	0.013061	46.611
19.99	20.01	0.013078	46.714
19.99	20.01	0.013095	46.811
19.99	20.01	0.013111	46.910
19.99	20.01	0.013128	47.013
19.99	20.01	0.013145	47.110
19.99	20.01	0.013161	47.211
19.99	20.01	0.013178	47.312
19.99	20.01	0.013195	47.410
19.99	20.01	0.013211	47.511
19.99	20.01	0.013228	47.610
19.99	20.01	0.013245	47.711
19.99	20.00	0.013261	47.810
19.99	20.00	0.013278	47.911
20.01	20.00	0.013295	48.011
20.01	20.00	0.013311	48.110
20.01	20.00	0.013328	48.211
20.01	20.00	0.013345	48.310
20.01	20.00	0.013361	48.411
20.01	19.99	0.013378	48.510
20.01	19.99	0.013395	48.611
20.01	19.99	0.013411	48.710
20.01	19.99	0.013428	48.811
20.01	19.99	0.013445	48.911
20.01	19.99	0.013461	49.010
20.01	19.99	0.013478	49.111
20.01	19.99	0.013495	49.210
20.01	19.99	0.013511	49.311
20.01	19.99	0.013528	49.410
20.01	19.99	0.013545	49.511
20.01	19.99	0.013561	49.610
20.01	19.99	0.013578	49.711
19.99	20.00	0.013595	49.811
19.99	20.00	0.013611	49.910
19.99	20.00	0.013628	50.011
19.99	20.00	0.013645	50.110
19.99	20.00	0.013661	50.211
19.99	20.00	0.013678	50.310
19.99	20.00	0.013695	50.411
19.99	20.00	0.013711	50.511
19.99	20.01	0.013728	50.610
19.99	20.01	0.013744	50.711
19.99	20.01	0.013761	50.810
19.99	20.01	0.013778	50.911
19.99	20.01	0.013794	51.010
19.99	20.01	0.013811	51.111
19.99	20.01	0.013828	51.210
19.99	20.01	0.013844	51.311
19.99	20.01	0.013861	51.411
19.99	20.01	0.013878	51.510
19.99	20.01	0.013894	51.611
20.01	20.01	0.013911	51.710
20.01	20.01	0.013928	51.811
20.01	20.00	0.013944	51.910
20.01	20.00	0.013961	52.011
20.01	20.00	0.013978	52.110
20.01	20.00	0.013994	52.211
20.01	20.00	0.014011	52.311
20.01	20.00	0.014028	52.410
20.01	20.00	0.014044	52.510
20.01	19.99	0.014061	52.610
20.01	19.99	0.014078	52.735
20.01	19.99	0.014094	52.839
20.01	19.99	0.014111	52.934
20.01	19.99	0.014128	53.033
20.01	19.99	0.014144	53.138
20.01	19.99	0.014161	53.233
20.01	19.99	0.014178	53.332
20.01	19.99	0.014194	53.437
20.01	19.99	0.014211	53.531
20.01	19.99	0.014228	53.631
20.01	19.99	0.014244	53.735
19.99	19.99	0.014261	53.830
19.99	20.00	0.014278	53.930
19.99	20.00	0.014294	54.034
19.99	20.00	0.014311	54.129
19.99	20.00	0.014328	54.228
19.99	20.00	0.014344	54.333
19.99	20.00	0.014361	54.427
19.99	20.00	0.014378	54.527
19.99	20.00	0.014394	54.631
19.99	20.01	0.014411	54.726
19.99	20.01	0.014428	54.826
19.99	20.01	0.014444	54.930
19.99	20.01	0.014461	55.025
19.99	20.01	0.014478	55.125
19.99	20.01	0.014494	55.229
19.99	20.01	0.014511	55.323
19.99	20.01	0.014528	55.426
19.99	20.01	0.014544	55.527
19.99	20.01	0.014561	55.622
19.99	20.01	0.014577	55.726
19.99	20.01	0.014594	55.826
19.99	20.01	0.014611	55.921
19.99	20.00	0.014627	56.025
20.01	20.00	0.014644	56.125
20.01	20.00	0.014661	56.219
20.01	20.00	0.014677	56.324
20.01	20.00	0.014694	56.424
20.01	20.00	0.014711	56.518
20.01	20.00	0.014727	56.623
20.01	19.99	0.014744	56.722
20.01	19.99	0.014761	56.817
20.01	19.99	0.014777	56.921
20.01	19.99	0.014794	57.016
20.01	19.99	0.014811	57.115
20.01	19.99	0.014827	57.220
20.01	19.99	0.014844	57.315
20.01	19.99	0.014861	57.414
20.01	19.99	0.014877	57.519
20.01	19.99	0.014894	57.613
20.01	19.99	0.014911	57.713
20.01	19.99	0.014927	57.817
20.01	19.99	0.014944	57.912
20.01	20.00	0.014961	58.012
20.01	20.00	0.014977	58.117
19.99	20.00	0.014994	58.212
19.99	20.00	0.015011	58.312
19.99	20.00	0.015027	58.415
19.99	20.00	0.015044	58.512
19.99	20.00	0.015061	58.611
19.99	20.00	0.015077	58.714
19.99	20.01	0.015094	58.812
19.99	20.01	0.015111	58.911
19.99	20.01	0.015127	59.013
19.99	20.01	0.015144	59.111
19.99	20.01	0.015161	59.212
19.99	20.01	0.015177	59.311
19.99	20.01	0.015194	59.412
19.99	20.01	0.015211	59.512
19.99	20.01	0.015227	59.613
19.99	20.01	0.015244	59.713
19.99	20.01	0.015261	59.812
19.99	20.01	0.015277	59.913
19.99	20.01	0.015294	00.012
19.99	20.00	0.015311	00.112
19.99	20.00	0.015327	00.213
20.01	20.00	0.015344	00.313
20.01	20.00	0.015361	00.412
20.01	20.00	0.015377	00.513
20.01	20.00	0.015394	00.612
20.01	20.00	0.015410	00.713
20.01	19.99	0.015427	00.812
20.01	19.99	0.015444	00.913
20.01	19.99	0.015460	01.012
20.01	19.99	0.015477	01.113
20.01	19.99	0.015494	01.213
20.01	19.99	0.015510	01.312
20.01	19.99	0.015527	01.413
20.01	19.99	0.015544	01.512
20.01	19.99	0.015560	01.613
20.01	19.99	0.015577	01.712
20.01	19.99	0.015594	01.813
20.01	19.99	0.015610	01.912
20.01	19.99	0.015627	02.013
20.01	20.00	0.015644	02.113
20.01	20.00	0.015660	02.212
20.01	20.00	0.015677	02.313
19.99	20.00	0.015694	02.412
19.99	20.00	0.015710	02.513
19.99	20.00	0.015727	02.612
19.99	20.00	0.015744	02.713
19.99	20.00	0.015760	02.813
19.99	20.01	0.015777	02.912
19.99	20.01	0.015794	03.013
19.99	20.01	0.015810	03.112
19.99	20.01	0.015827	03.213
19.99	20.01	0.015844	03.312
19.99	20.01	0.015860	03.413
19.99	20.01	0.015877	03.512
19.99	20.01	0.015894	03.613
19.99	20.01	0.015910	03.713
19.99	20.01	0.015927	03.812
19.99	20.01	0.015944	03.913
19.99	20.01	0.015960	04.012
20.01	20.01	0.015977	04.137
20.01	20.00	0.015994	04.241
20.01	20.00	0.016010	04.336
20.01	20.00	0.016027	04.435
20.01	20.00	0.016044	04.540
20.01	20.00	0.016060	04.635
20.01	20.00	0.016077	04.734
20.01	20.00	0.016094	04.839
20.01	19.99	0.016110	04.933
20.01	19.99	0.016127	05.033
20.01	19.99	0.016144	05.137
20.01	19.99	0.016160	05.232
20.01	19.99	0.016177	05.331
20.01	19.99	0.016194	05.436
20.01	19.99	0.016210	05.531
20.01	19.99	0.016227	05.630
20.01	19.99	0.016244	05.735
20.01	19.99	0.016260	05.829
20.01	19.99	0.016277	05.929
20.01	19.99	0.016293	06.033
20.01	19.99	0.016310	06.128
19.99	20.00	0.016327	06.229
19.99	20.00	0.016343	06.332
19.99	20.00	0.016360	06.427
19.99	20.00	0.016377	06.529
19.99	20.00	0.016393	06.631
19.99	20.00	0.016410	06.725
19.99	20.00	0.016427	06.829
19.99	20.00	0.016443	06.929
19.99	20.01	0.016460	07.024
19.99	20.01	0.016477	07.129
19.99	20.01	0.016493	07.228
19.99	20.01	0.016510	07.323
19.99	20.01	0.016527	07.427
19.99	20.01	0.016543	07.527
19.99	20.01	0.016560	07.621
19.99	20.01	0.016577	07.726
19.99	20.01	0.016593	07.826
19.99	20.01	0.016610	07.920
19.99	20.01	0.016627	08.025
19.99	20.01	0.016643	08.119
20.01	20.01	0.016660	08.219
20.01	20.00	0.016677	08.324
20.01	20.00	0.016693	08.419
20.01	20.00	0.016710	08.518
20.01	20.00	0.016727	08.623
20.01	20.00	0.016743	08.717
20.01	20.00	0.016760	08.817
20.01	20.00	0.016777	08.921
20.01	19.99	0.016793	09.016
20.01	19.99	0.016810	09.115
20.01	19.99	0.016827	09.220
20.01	19.99	0.016843	09.315
20.01	19.99	0.016860	09.414
20.01	19.99	0.016877	09.519
20.01	19.99	0.016893	09.613
20.01	19.99	0.016910	09.713
20.01	19.99	0.016927	09.817
20.01	19.99	0.016943	09.913
20.01	19.99	0.016960	10.012
20.01	19.99	0.016977	10.116
19.99	19.99	0.016993	10.213
19.99	20.00	0.017010	10.312
19.99	20.00	0.017027	10.415
19.99	20.00	0.017043	10.512
19.99	20.00	0.017060	10.613
19.99	20.00	0.017077	10.713
19.99	20.00	0.017093	10.813
19.99	20.00	0.017110	10.912
19.99	20.00	0.017126	11.013
19.99	20.01	0.017143	11.113
19.99	20.01	0.017160	11.212
19.99	20.01	0.017176	11.313
19.99	20.01	0.017193	11.412
19.99	20.01	0.017210	11.514
19.99	20.01	0.017226	11.613
19.99	20.01	0.017243	11.714
19.99	20.01	0.017260	11.813
19.99	20.01	0.017276	11.914
19.99	20.01	0.017293	12.014
19.99	20.01	0.017310	12.113
19.99	20.01	0.017326	12.214
19.99	20.01	0.017343	12.313
19.99	20.00	0.017360	12.414
20.01	20.00	0.017376	12.513
20.01	20.00	0.017393	12.614
20.01	20.00	0.017410	12.713
20.01	20.00	0.017426	12.814
20.01	20.00	0.017443	12.913
20.01	20.00	0.017460	13.014
20.01	19.99	0.017476	13.113
20.01	19.99	0.017493	13.214
20.01	19.99	0.017510	13.313
20.01	19.99	0.017526	13.414
20.01	19.99	0.017543	13.514
20.01	19.99	0.017560	13.613
20.01	19.99	0.017576	13.713
20.01	19.99	0.017593	13.814
20.01	19.99	0.017610	13.913
20.01	19.99	0.017626	14.014
20.01	19.99	0.017643	14.113
20.01	19.99	0.017660	14.214
20.01	19.99	0.017676	14.314
19.99	20.00	0.017693	14.413
19.99	20.00	0.017710	14.514
19.99	20.00	0.017726	14.613
19.99	20.00	0.017743	14.714
19.99	20.00	0.017760	14.813
19.99	20.00	0.017776	14.914
19.99	20.00	0.017793	15.013
19.99	20.00	0.017810	15.114
19.99	20.01	0.017826	15.214
19.99	20.01	0.017843	15.313
19.99	20.01	0.017860	15.414
19.99	20.01	0.017876	15.513
19.99	20.01	0.017893	15.614
19.99	20.01	0.017910	15.713
19.99	20.01	0.017926	15.837
19.99	20.01	0.017943	15.941
19.99	20.01	0.017959	16.036
19.99	20.01	0.017976	16.136
19.99	20.01	0.017993	16.240
19.99	20.01	0.018009	16.335
19.99	20.01	0.018026	16.435
20.01	20.00	0.018043	16.539
20.01	20.00	0.018059	16.634
20.01	20.00	0.018076	16.733
20.01	20.00	0.018093	16.838
20.01	20.00	0.018109	16.933
20.01	20.00	0.018126	17.032
20.01	20.00	0.018143	17.137
20.01	19.99	0.018159	17.231
20.01	19.99	0.018176	17.333
20.01	19.99	0.018193	17.435
20.01	19.99	0.018209	17.530
20.01	19.99	0.018226	17.633
20.01	19.99	0.018243	17.734
20.01	19.99	0.018259	17.829
20.01	19.99	0.018276	17.932
20.01	19.99	0.018293	18.033
20.01	19.99	0.018309	18.127
20.01	19.99	0.018326	18.232
20.01	19.99	0.018343	18.331
20.01	19.99	0.018359	18.426
20.01	20.00	0.018376	18.531
20.01	20.00	0.018393	18.630
20.01	20.00	0.018409	18.726
20.01	20.00	0.018426	18.829
20.01	20.00	0.018443	18.929
20.01	20.00	0.018459	19.025
19.99	20.00	0.018476	19.128
19.99	20.00	0.018493	19.228
19.99	20.01	0.018509	19.326
19.99	20.01	0.018526	19.427
19.99	20.01	0.018543	19.528
19.99	20.01	0.018559	19.626
19.99	20.01	0.018576	19.725
19.99	20.01	0.018593	19.829
19.99	20.01	0.018609	19.925
19.99	20.01	0.018626	20.025
19.99	20.01	0.018643	20.129
19.99	20.01	0.018659	20.225
19.99	20.01	0.018676	20.326
19.99	20.01	0.018693	20.428
20.01	20.01	0.018709	20.526
20.01	20.00	0.018726	20.625
20.01	20.00	0.018743	20.729
20.01	20.00	0.018759	20.825
20.01	20.00	0.018776	20.926
20.01	20.00	0.018792	21.029
20.01	20.00	0.018809	21.125
20.01	20.00	0.018826	21.226
20.01	19.99	0.018842	21.329
20.01	19.99	0.018859	21.426
20.01	19.99	0.018876	21.525
20.01	19.99	0.018892	21.629
20.01	19.99	0.018909	21.726
20.01	19.99	0.018926	21.825
20.01	19.99	0.018942	21.930
20.01	19.99	0.018959	22.025
20.01	19.99	0.018976	22.126
20.01	19.99	0.018992	22.229
20.01	19.99	0.019009	22.326
20.01	19.99	0.019026	22.425
19.99	19.99	0.019042	22.529
19.99	20.00	0.019059	22.626
19.99	20.00	0.019076	22.725
19.99	20.00	0.019092	22.830
19.99	20.00	0.019109	22.925
19.99	20.00	0.019126	23.026
19.99	20.00	0.019142	23.129
19.99	20.00	0.019159	23.226
19.99	20.00	0.019176	23.326
19.99	20.01	0.019192	23.430
19.99	20.01	0.019209	23.526
19.99	20.01	0.019226	23.625
19.99	20.01	0.019242	23.730
19.99	20.01	0.019259	23.825
19.99	20.01	0.019276	23.926
19.99	20.01	0.019292	24.029
19.99	20.01	0.019309	24.126
19.99	20.01	0.019326	24.226
19.99	20.01	0.019342	24.330
19.99	20.01	0.019359	24.426
19.99	20.01	0.019376	24.525
19.99	20.01	0.019392	24.630
19.99	20.00	0.019409	24.725
19.99	20.00	0.019426	24.850
19.99	20.00	0.019442	24.954
19.99	20.00	0.019459	25.054
20.01	20.00	0.019476	25.149
20.01	20.00	0.019492	25.253
20.01	20.00	0.019509	25.353
20.01	19.99	0.019526	25.447
20.01	19.99	0.019542	25.552
20.01	19.99	0.019559	25.651
20.01	19.99	0.019576	25.746
20.01	19.99	0.019592	25.850
20.01	19.99	0.019609	25.945
20.01	19.99	0.019625	26.045
20.01	19.99	0.019642	26.149
20.01	19.99	0.019659	26.244
20.01	19.99	0.019675	26.343
20.01	19.99	0.019692	26.448
20.01	19.99	0.019709	26.542
20.01	19.99	0.019725	26.642
20.01	20.00	0.019742	26.746
20.01	20.00	0.019759	26.841
19.99	20.00	0.019775	26.941
19.99	20.00	0.019792	27.045
19.99	20.00	0.019809	27.140
19.99	20.00	0.019825	27.239
19.99	20.00	0.019842	27.344
19.99	20.00	0.019859	27.438
19.99	20.01	0.019875	27.538
19.99	20.01	0.019892	27.642
19.99	20.01	0.019909	27.737
19.99	20.01	0.019925	27.837
19.99	20.01	0.019942	27.941
19.99	20.01	0.019959	28.036
19.99	20.01	0.019975	28.135
19.99	20.01	0.019992	28.240
19.99	20.01	0.020009	28.335
19.99	20.01	0.020025	28.436
19.99	20.01	0.020042	28.539
19.99	20.01	0.020059	28.633
19.99	20.01	0.020075	28.736
19.99	20.00	0.020092	28.837
20.01	20.00	0.020109	28.932
20.01	20.00	0.020125	29.035
20.01	20.00	0.020142	29.136
20.01	20.00	0.020159	29.231
20.01	20.00	0.020175	29.335
20.01	20.00	0.020192	29.435
20.01	19.99	0.020209	29.530
20.01	19.99	0.020225	29.634
20.01	19.99	0.020242	29.733
20.01	19.99	0.020259	29.828
20.01	19.99	0.020275	29.933
20.01	19.99	0.020292	30.033
20.01	19.99	0.020309	30.127
20.01	19.99	0.020325	30.232
20.01	19.99	0.020342	30.327
20.01	19.99	0.020359	30.426
20.01	19.99	0.020375	30.531
20.01	19.99	0.020392	30.625
20.01	19.99	0.020409	30.726
20.01	20.00	0.020425	30.830
20.01	20.00	0.020442	30.925
20.01	20.00	0.020458	31.026
19.99	20.00	0.020475	31.128
19.99	20.00	0.020492	31.226
19.99	20.00	0.020508	31.325
19.99	20.00	0.020525	31.427
19.99	20.00	0.020542	31.526
19.99	20.01	0.020558	31.627
19.99	20.01	0.020575	31.727
19.99	20.01	0.020592	31.826
19.99	20.01	0.020608	31.927
19.99	20.01	0.020625	32.026
19.99	20.01	0.020642	32.127
19.99	20.01	0.020658	32.226
19.99	20.01	0.020675	32.327
19.99	20.01	0.020692	32.427
19.99	20.01	0.020708	32.526
19.99	20.01	0.020725	32.627
19.99	20.01	0.020742	32.726
19.99	20.01	0.020758	32.827
19.99	20.00	0.020775	32.926
20.01	20.00	0.020792	33.027
20.01	20.00	0.020808	33.127
20.01	20.00	0.020825	33.227
20.01	20.00	0.020842	33.327
20.01	20.00	0.020858	33.426
20.01	20.00	0.020875	33.527
20.01	19.99	0.020892	33.626
20.01	19.99	0.020908	33.727
20.01	19.99	0.020925	33.826
20.01	19.99	0.020942	33.927
20.01	19.99	0.020958	34.027
20.01	19.99	0.020975	34.126
20.01	19.99	0.020992	34.227
20.01	19.99	0.021008	34.326
20.01	19.99	0.021025	34.427
20.01	19.99	0.021042	34.526
20.01	19.99	0.021058	34.627
20.01	19.99	0.021075	34.726
20.01	19.99	0.021092	34.827
19.99	20.00	0.021108	34.927
19.99	20.00	0.021125	35.026
19.99	20.00	0.021142	35.127
19.99	20.00	0.021158	35.226
19.99	20.00	0.021175	35.327
19.99	20.00	0.021192	35.426
19.99	20.00	0.021208	35.527
19.99	20.00	0.021225	35.627
19.99	20.01	0.021242	35.727
19.99	20.01	0.021258	35.827
19.99	20.01	0.021275	35.926
19.99	20.01	0.021291	36.027
19.99	20.01	0.021308	36.126
19.99	20.01	0.021325	36.252
19.99	20.01	0.021341	36.356
19.99	20.01	0.021358	36.456
19.99	20.01	0.021375	36.550
19.99	20.01	0.021391	36.655
19.99	20.01	0.021408	36.755
19.99	20.01	0.021425	36.849
19.99	20.01	0.021441	36.954
19.99	20.00	0.021458	37.048
20.01	20.00	0.021475	37.148
20.01	20.00	0.021491	37.252
20.01	20.00	0.021508	37.347
20.01	20.00	0.021525	37.446
20.01	20.00	0.021541	37.551
20.01	20.00	0.021558	37.646
20.01	19.99	0.021575	37.745
20.01	19.99	0.021591	37.850
20.01	19.99	0.021608	37.944
20.01	19.99	0.021625	38.044
20.01	19.99	0.021641	38.148
20.01	19.99	0.021658	38.243
20.01	19.99	0.021675	38.343
20.01	19.99	0.021691	38.447
20.01	19.99	0.021708	38.542
20.01	19.99	0.021725	38.641
20.01	19.99	0.021741	38.746
20.01	19.99	0.021758	38.840
20.01	19.99	0.021775	38.940
20.01	20.00	0.021791	39.044
20.01	20.00	0.021808	39.139
20.01	20.00	0.021825	39.239
20.01	20.00	0.021841	39.343
19.99	20.00	0.021858	39.438
19.99	20.00	0.021875	39.539
19.99	20.00	0.021891	39.642
19.99	20.00	0.021908	39.736
19.99	20.01	0.021925	39.839
19.99	20.01	0.021941	39.941
19.99	20.01	0.021958	40.035
19.99	20.01	0.021975	40.139
19.99	20.01	0.021991	40.239
19.99	20.01	0.022008	40.334
19.99	20.01	0.022025	40.438
19.99	20.01	0.022041	40.538
19.99	20.01	0.022058	40.632
19.99	20.01	0.022075	40.737
19.99	20.01	0.022091	40.837
19.99	20.01	0.022108	40.931
19.99	20.01	0.022124	41.036
20.01	20.00	0.022141	41.136
20.01	20.00	0.022158	41.231
20.01	20.00	0.022174	41.335
20.01	20.00	0.022191	41.430
20.01	20.00	0.022208	41.530
20.01	20.00	0.022224	41.634
20.01	20.00	0.022241	41.729
20.01	19.99	0.022258	41.828
20.01	19.99	0.022274	41.932
20.01	19.99	0.022291	42.028
20.01	19.99	0.022308	42.127
20.01	19.99	0.022324	42.231
20.01	19.99	0.022341	42.328
20.01	19.99	0.022358	42.427
20.01	19.99	0.022374	42.530
20.01	19.99	0.022391	42.627
20.01	19.99	0.022408	42.727
20.01	19.99	0.022424	42.829
20.01	19.99	0.022441	42.927
20.01	19.99	0.022458	43.028
20.01	20.00	0.022474	43.128
19.99	20.00	0.022491	43.227
19.99	20.00	0.022508	43.328
19.99	20.00	0.022524	43.427
19.99	20.00	0.022541	43.528
19.99	20.00	0.022558	43.627
19.99	20.00	0.022574	43.728
19.99	20.00	0.022591	43.828
19.99	20.01	0.022608	43.928
19.99	20.01	0.022624	44.028
19.99	20.01	0.022641	44.127
19.99	20.01	0.022658	44.228
19.99	20.01	0.022674	44.327
19.99	20.01	0.022691	44.430
19.99	20.01	0.022708	44.529
19.99	20.01	0.022724	44.631
19.99	20.01	0.022741	44.731
19.99	20.01	0.022758	44.832
19.99	20.01	0.022774	44.932
19.99	20.01	0.022791	45.031
19.99	20.01	0.022808	45.132
19.99	20.00	0.022824	45.231
20.01	20.00	0.022841	45.337
20.01	20.00	0.022858	45.431
20.01	20.00	0.022874	45.532
20.01	20.00	0.022891	45.632
20.01	20.00	0.022908	45.731
20.01	20.00	0.022924	45.832
20.01	19.99	0.022941	45.931
20.01	19.99	0.022957	46.032
20.01	19.99	0.022974	46.131
20.01	19.99	0.022991	46.232
20.01	19.99	0.023007	46.331
20.01	19.99	0.023024	46.432
20.01	19.99	0.023041	46.532
20.01	19.99	0.023057	46.631
20.01	19.99	0.023074	46.732
20.01	19.99	0.023091	46.831
20.01	19.99	0.023107	46.932
20.01	19.99	0.023124	47.031
20.01	19.99	0.023141	47.161
20.01	20.00	0.023157	47.260
19.99	20.00	0.023174	47.355
19.99	20.00	0.023191	47.460
19.99	20.00	0.023207	47.559
19.99	20.00	0.023224	47.654
19.99	20.00	0.023241	47.758
19.99	20.00	0.023257	47.858
19.99	20.00	0.023274	47.952
19.99	20.01	0.023291	48.057
19.99	20.01	0.023307	48.152
19.99	20.01	0.023324	48.251
19.99	20.01	0.023341	48.356
19.99	20.01	0.023357	48.450
19.99	20.01	0.023374	48.550
19.99	20.01	0.023391	48.654
19.99	20.01	0.023407	48.749
19.99	20.01	0.023424	48.848
19.99	20.01	0.023441	48.953
19.99	20.01	0.023457	49.048
19.99	20.01	0.023474	49.147
19.99	20.01	0.023491	49.252
19.99	20.00	0.023507	49.346
20.01	20.00	0.023524	49.446
20.01	20.00	0.023541	49.550
20.01	20.00	0.023557	49.645
20.01	20.00	0.023574	49.744
20.01	20.00	0.023591	49.849
20.01	20.00	0.023607	49.944
20.01	19.99	0.023624	50.044
20.01	19.99	0.023641	50.148
20.01	19.99	0.023657	50.242
20.01	19.99	0.023674	50.343
20.01	19.99	0.023691	50.446
20.01	19.99	0.023707	50.541
20.01	19.99	0.023724	50.643
20.01	19.99	0.023741	50.746
20.01	19.99	0.023757	50.840
20.01	19.99	0.023774	50.943
20.01	19.99	0.023790	51.044
20.01	19.99	0.023807	51.138
19.99	19.99	0.023824	51.243
19.99	20.00	0.023840	51.343
19.99	20.00	0.023857	51.437
19.99	20.00	0.023874	51.543
19.99	20.00	0.023890	51.642
19.99	20.00	0.023907	51.736
19.99	20.00	0.023924	51.841
19.99	20.00	0.023940	51.941
19.99	20.00	0.023957	52.035
19.99	20.01	0.023974	52.140
19.99	20.01	0.023990	52.239
19.99	20.01	0.024007	52.334
19.99	20.01	0.024024	52.439
19.99	20.01	0.024040	52.533
19.99	20.01	0.024057	52.633
19.99	20.01	0.024074	52.737
19.99	20.01	0.024090	52.832
19.99	20.01	0.024107	52.931
19.99	20.01	0.024124	53.036
19.99	20.01	0.024140	53.132
19.99	20.01	0.024157	53.231
19.99	20.01	0.024174	53.335
20.01	20.00	0.024190	53.431
20.01	20.00	0.024207	53.532
20.01	20.00	0.024224	53.633
20.01	20.00	0.024240	53.732
20.01	20.00	0.024257	53.832
20.01	20.00	0.024274	53.932
20.01	20.00	0.024290	54.031
20.01	19.99	0.024307	54.132
20.01	19.99	0.024324	54.231
20.01	19.99	0.024340	54.332
20.01	19.99	0.024357	54.431
20.01	19.99	0.024374	54.532
20.01	19.99	0.024390	54.632
20.01	19.99	0.024407	54.732
20.01	19.99	0.024424	54.832
20.01	19.99	0.024440	54.931
20.01	19.99	0.024457	55.032
20.01	19.99	0.024474	55.131
20.01	19.99	0.024490	55.232
20.01	19.99	0.024507	55.331
20.01	20.00	0.024524	55.432
20.01	20.00	0.024540	55.532
19.99	20.00	0.024557	55.631
19.99	20.00	0.024574	55.732
19.99	20.00	0.024590	55.831
19.99	20.00	0.024607	55.932
19.99	20.00	0.024623	56.031
19.99	20.00	0.024640	56.132
19.99	20.01	0.024657	56.231
19.99	20.01	0.024673	56.332
19.99	20.01	0.024690	56.432
19.99	20.01	0.024707	56.531
19.99	20.01	0.024723	56.632
19.99	20.01	0.024740	56.731
19.99	20.01	0.024757	56.832
19.99	20.01	0.024773	56.931
19.99	20.01	0.024790	57.032
19.99	20.01	0.024807	57.131
19.99	20.01	0.024823	57.232
20.01	20.01	0.024840	57.332
20.01	20.01	0.024857	57.431
20.01	20.00	0.024873	57.532
20.01	20.00	0.024890	57.631
20.01	20.00	0.024907	57.732
20.01	20.00	0.024923	57.831
20.01	20.00	0.024940	57.932
20.01	20.00	0.024957	58.032
20.01	20.00	0.024973	58.131
20.01	19.99	0.024990	58.232
20.01	19.99	0.025007	58.331
20.01	19.99	0.025023	58.432
20.01	19.99	0.025040	58.531
20.01	19.99	0.025057	58.632
20.01	19.99	0.025073	58.731
20.01	19.99	0.025090	58.832
20.01	19.99	0.025107	58.932
20.01	19.99	0.025123	59.031
20.01	19.99	0.025140	59.161
20.01	19.99	0.025157	59.255
20.01	19.99	0.025173	59.355
20.01	19.99	0.025190	59.459
20.01	20.00	0.025207	59.554
19.99	20.00	0.025223	59.653
19.99	20.00	0.025240	59.758
19.99	20.00	0.025257	59.853
19.99	20.00	0.025273	59.952
19.99	20.00	0.025290	00.057
19.99	20.00	0.025307	00.151
19.99	20.00	0.025323	00.251
19.99	20.01	0.025340	00.355
19.99	20.01	0.025357	00.450
19.99	20.01	0.025373	00.550
19.99	20.01	0.025390	00.654
19.99	20.01	0.025407	00.749
19.99	20.01	0.025423	00.848
19.99	20.01	0.025440	00.953
19.99	20.01	0.025456	01.047
19.99	20.01	0.025473	01.147
19.99	20.01	0.025490	01.251
19.99	20.01	0.025506	01.346
19.99	20.01	0.025523	01.446
19.99	20.01	0.025540	01.550
20.01	20.00	0.025556	01.645
20.01	20.00	0.025573	01.746
20.01	20.00	0.025590	01.849
20.01	20.00	0.025606	01.943
20.01	20.00	0.025623	02.046
20.01	20.00	0.025640	02.147
20.01	20.00	0.025656	02.242
20.01	19.99	0.025673	02.347
20.01	19.99	0.025690	02.446
20.01	19.99	0.025706	02.541
20.01	19.99	0.025723	02.645
20.01	19.99	0.025740	02.745
20.01	19.99	0.025756	02.840
20.01	19.99	0.025773	02.944
20.01	19.99	0.025790	03.044
20.01	19.99	0.025806	03.139
20.01	19.99	0.025823	03.243
20.01	19.99	0.025840	03.343
20.01	19.99	0.025856	03.437
20.01	19.99	0.025873	03.542
19.99	20.00	0.025890	03.637
19.99	20.00	0.025906	03.736
19.99	20.00	0.025923	03.841
19.99	20.00	0.025940	03.935
19.99	20.00	0.025956	04.035
19.99	20.00	0.025973	04.139
19.99	20.00	0.025990	04.234
19.99	20.00	0.026006	04.333
19.99	20.01	0.026023	04.438
19.99	20.01	0.026040	04.532
19.99	20.01	0.026056	04.632
19.99	20.01	0.026073	04.736
19.99	20.01	0.026090	04.832
19.99	20.01	0.026106	04.931
19.99	20.01	0.026123	05.035
19.99	20.01	0.026140	05.132
19.99	20.01	0.026156	05.232
19.99	20.01	0.026173	05.334
19.99	20.01	0.026190	05.432
19.99	20.01	0.026206	05.531
19.99	20.01	0.026223	05.633
20.01	20.00	0.026240	05.731
20.01	20.00	0.026256	05.832
20.01	20.00	0.026273	05.932
20.01	20.00	0.026289	06.032
20.01	20.00	0.026306	06.132
20.01	20.00	0.026323	06.231
20.01	20.00	0.026339	06.332
20.01	19.99	0.026356	06.431
20.01	19.99	0.026373	06.533
20.01	19.99	0.026389	06.632
20.01	19.99	0.026406	06.733
20.01	19.99	0.026423	06.833
20.01	19.99	0.026439	06.932
20.01	19.99	0.026456	07.033
20.01	19.99	0.026473	07.132
20.01	19.99	0.026489	07.233
20.01	19.99	0.026506	07.332
20.01	19.99	0.026523	07.433
20.01	19.99	0.026539	07.532
20.01	19.99	0.026556	07.633
19.99	20.00	0.026573	07.733
19.99	20.00	0.026589	07.833
19.99	20.00	0.026606	07.932
19.99	20.00	0.026623	08.032
19.99	20.00	0.026639	08.133
19.99	20.00	0.026656	08.232
19.99	20.00	0.026673	08.333
19.99	20.00	0.026689	08.433
19.99	20.01	0.026706	08.532
19.99	20.01	0.026723	08.633
19.99	20.01	0.026739	08.732
19.99	20.01	0.026756	08.833
19.99	20.01	0.026773	08.932
19.99	20.01	0.026789	09.033
19.99	20.01	0.026806	09.132
19.99	20.01	0.026823	09.233
19.99	20.01	0.026839	09.333
19.99	20.01	0.026856	09.432
19.99	20.01	0.026873	09.533
19.99	20.01	0.026889	09.632
20.01	20.01	0.026906	09.733
20.01	20.00	0.026923	09.832
20.01	20.00	0.026939	09.933
20.01	20.00	0.026956	10.033
20.01	20.00	0.026973	10.133
20.01	20.00	0.026989	10.233
20.01	20.00	0.027006	10.332
20.01	20.00	0.027023	10.433
20.01	19.99	0.027039	10.532
20.01	19.99	0.027056	10.657
20.01	19.99	0.027073	10.756
20.01	19.99	0.027089	10.861
20.01	19.99	0.027106	10.955
20.01	19.99	0.027122	11.055
20.01	19.99	0.027139	11.160
20.01	19.99	0.027156	11.255
20.01	19.99	0.027172	11.354
20.01	19.99	0.027189	11.459
20.01	19.99	0.027206	11.553
20.01	19.99	0.027222	11.653
20.01	19.99	0.027239	11.757
19.99	20.00	0.027256	11.852
19.99	20.00	0.027272	11.952
19.99	20.00	0.027289	12.056
19.99	20.00	0.027306	12.151
19.99	20.00	0.027322	12.250
19.99	20.00	0.027339	12.355
19.99	20.00	0.027356	12.449
19.99	20.00	0.027372	12.549
19.99	20.01	0.027389	12.653
19.99	20.01	0.027406	12.748
19.99	20.01	0.027422	12.850
19.99	20.01	0.027439	12.952
19.99	20.01	0.027456	13.047
19.99	20.01	0.027472	13.149
19.99	20.01	0.027489	13.251
19.99	20.01	0.027506	13.345
19.99	20.01	0.027522	13.449
19.99	20.01	0.027539	13.550
19.99	20.01	0.027556	13.644
19.99	20.01	0.027572	13.749
19.99	20.01	0.027589	13.848
20.01	20.00	0.027606	13.943
20.01	20.00	0.027622	14.047
20.01	20.00	0.027639	14.147
20.01	20.00	0.027656	14.242
20.01	20.00	0.027672	14.346
20.01	20.00	0.027689	14.446
20.01	20.00	0.027706	14.540
20.01	19.99	0.027722	14.645
20.01	19.99	0.027739	14.739
20.01	19.99	0.027756	14.839
20.01	19.99	0.027772	14.943
20.01	19.99	0.027789	15.038
20.01	19.99	0.027806	15.138
20.01	19.99	0.027822	15.242
20.01	19.99	0.027839	15.337
20.01	19.99	0.027856	15.436
20.01	19.99	0.027872	15.541
20.01	19.99	0.027889	15.635
20.01	19.99	0.027906	15.735
20.01	19.99	0.027922	15.839
19.99	20.00	0.027939	15.935
19.99	20.00	0.027955	16.035
19.99	20.00	0.027972	16.138
19.99	20.00	0.027989	16.235
19.99	20.00	0.028005	16.334
19.99	20.00	0.028022	16.437
19.99	20.00	0.028039	16.534
19.99	20.00	0.028055	16.635
19.99	20.01	0.028072	16.736
19.99	20.01	0.028089	16.835
19.99	20.01	0.028105	16.934
19.99	20.01	0.028122	17.035
19.99	20.01	0.028139	17.134
19.99	20.01	0.028155	17.236
19.99	20.01	0.028172	17.335
19.99	20.01	0.028189	17.436
19.99	20.01	0.028205	17.536
19.99	20.01	0.028222	17.635
19.99	20.01	0.028239	17.736
19.99	20.01	0.028255	17.835
19.99	20.01	0.028272	17.935
19.99	20.00	0.028289	18.036
19.99	20.00	0.028305	18.135
20.01	20.00	0.028322	18.236
20.01	20.00	0.028339	18.336
20.01	20.00	0.028355	18.435
20.01	20.00	0.028372	18.536
20.01	20.00	0.028389	18.635
20.01	19.99	0.028405	18.736
20.01	19.99	0.028422	18.835
20.01	19.99	0.028439	18.936
20.01	19.99	0.028455	19.035
20.01	19.99	0.028472	19.136
20.01	19.99	0.028489	19.236
20.01	19.99	0.028505	19.335
20.01	19.99	0.028522	19.435
20.01	19.99	0.028539	19.536
20.01	19.99	0.028555	19.635
20.01	19.99	0.028572	19.736
20.01	19.99	0.028589	19.835
20.01	19.99	0.028605	19.936
20.01	20.00	0.028622	20.036
20.01	20.00	0.028639	20.135
19.99	20.00	0.028655	20.236
19.99	20.00	0.028672	20.335
19.99	20.00	0.028689	20.437
19.99	20.00	0.028705	20.536
19.99	20.00	0.028722	20.637
19.99	20.00	0.028739	20.737
19.99	20.01	0.028755	20.836
19.99	20.01	0.028772	20.937
19.99	20.01	0.028788	21.036
19.99	20.01	0.028805	21.137
19.99	20.01	0.028822	21.236
19.99	20.01	0.028838	21.337
19.99	20.01	0.028855	21.436
19.99	20.01	0.028872	21.561
19.99	20.01	0.028888	21.665
19.99	20.01	0.028905	21.760
19.99	20.01	0.028922	21.860
19.99	20.01	0.028938	21.964
20.01	20.01	0.028955	22.059
20.01	20.00	0.028972	22.158
20.01	20.00	0.028988	22.263
20.01	20.00	0.029005	22.357
20.01	20.00	0.029022	22.457
20.01	20.00	0.029038	22.561
20.01	20.00	0.029055	22.656
20.01	20.00	0.029072	22.756
20.01	19.99	0.029088	22.860
20.01	19.99	0.029105	22.955
20.01	19.99	0.029122	23.055
20.01	19.99	0.029138	23.159
20.01	19.99	0.029155	23.254
20.01	19.99	0.029172	23.354
20.01	19.99	0.029188	23.458
20.01	19.99	0.029205	23.553
20.01	19.99	0.029222	23.653
20.01	19.99	0.029238	23.757
20.01	19.99	0.029255	23.851
20.01	19.99	0.029272	23.953
20.01	19.99	0.029288	24.055
20.01	20.00	0.029305	24.150
19.99	20.00	0.029322	24.254
19.99	20.00	0.029338	24.354
19.99	20.00	0.029355	24.449
19.99	20.00	0.029372	24.553
19.99	20.00	0.029388	24.653
19.99	20.00	0.029405	24.747
19.99	20.00	0.029422	24.852
19.99	20.01	0.029438	24.951
19.99	20.01	0.029455	25.046
19.99	20.01	0.029472	25.151
19.99	20.01	0.029488	25.250
19.99	20.01	0.029505	25.345
19.99	20.01	0.029522	25.449
19.99	20.01	0.029538	25.549
19.99	20.01	0.029555	25.643
19.99	20.01	0.029572	25.748
19.99	20.01	0.029588	25.843
19.99	20.01	0.029605	25.942
19.99	20.01	0.029621	26.047
20.01	20.01	0.029638	26.141
20.01	20.00	0.029655	26.241
20.01	20.00	0.029671	26.346
20.01	20.00	0.029688	26.440
20.01	20.00	0.029705	26.540
20.01	20.00	0.029721	26.645
20.01	20.00	0.029738	26.740
20.01	20.00	0.029755	26.838
20.01	19.99	0.029771	26.944
20.01	19.99	0.029788	27.037
20.01	19.99	0.029805	27.138
20.01	19.99	0.029821	27.242
20.01	19.99	0.029838	27.338
20.01	19.99	0.029855	27.438
20.01	19.99	0.029871	27.541
20.01	19.99	0.029888	27.638
20.01	19.99	0.029905	27.737
20.01	19.99	0.029921	27.840
20.01	19.99	0.029938	27.937
20.01	19.99	0.029955	28.038
20.01	19.99	0.029971	28.139
19.99	20.00	0.029988	28.237
19.99	20.00	0.030005	28.338
19.99	20.00	0.030021	28.437
19.99	20.00	0.030038	28.538
19.99	20.00	0.030055	28.638
19.99	20.00	0.030071	28.739
19.99	20.00	0.030088	28.838
19.99	20.00	0.030105	28.939
19.99	20.01	0.030121	29.039
19.99	20.01	0.030138	29.138
19.99	20.01	0.030155	29.239
19.99	20.01	0.030171	29.338
19.99	20.01	0.030188	29.439
19.99	20.01	0.030205	29.538
19.99	20.01	0.030221	29.639
19.99	20.01	0.030238	29.739
19.99	20.01	0.030255	29.838
19.99	20.01	0.030271	29.939
19.99	20.01	0.030288	30.038
19.99	20.01	0.030305	30.139
19.99	20.01	0.030321	30.238
20.01	20.00	0.030338	30.339
20.01	20.00	0.030355	30.438
20.01	20.00	0.030371	30.539
20.01	20.00	0.030388	30.639
20.01	20.00	0.030405	30.738
20.01	20.00	0.030421	30.839
20.01	20.00	0.030438	30.938
20.01	19.99	0.030454	31.039
20.01	19.99	0.030471	31.138
20.01	19.99	0.030488	31.239
20.01	19.99	0.030504	31.339
20.01	19.99	0.030521	31.439
20.01	19.99	0.030538	31.539
20.01	19.99	0.030554	31.638
20.01	19.99	0.030571	31.739
20.01	19.99	0.030588	31.838
20.01	19.99	0.030604	31.939
20.01	19.99	0.030621	32.038
20.01	19.99	0.030638	32.139
20.01	19.99	0.030654	32.239
20.01	20.00	0.030671	32.338
19.99	20.00	0.030688	32.439
19.99	20.00	0.030704	32.538
19.99	20.00	0.030721	32.639
19.99	20.00	0.030738	32.738
19.99	20.00	0.030754	32.839
19.99	20.00	0.030771	32.939
19.99	20.00	0.030788	33.068
19.99	20.01	0.030804	33.163
19.99	20.01	0.030821	33.262
19.99	20.01	0.030838	33.367
19.99	20.01	0.030854	33.461
19.99	20.01	0.030871	33.561
19.99	20.01	0.030888	33.665
19.99	20.01	0.030904	33.760
19.99	20.01	0.030921	33.859
19.99	20.01	0.030938	33.964
19.99	20.01	0.030954	34.059
19.99	20.01	0.030971	34.158
19.99	20.01	0.030988	34.263
19.99	20.01	0.031004	34.357
19.99	20.00	0.031021	34.457
20.01	20.00	0.031038	34.561
20.01	20.00	0.031054	34.655
20.01	20.00	0.031071	34.756
20.01	20.00	0.031088	34.861
20.01	20.00	0.031104	34.955
20.01	20.00	0.031121	35.057
20.01	19.99	0.031138	35.159
20.01	19.99	0.031154	35.254
20.01	19.99	0.031171	35.356
20.01	19.99	0.031188	35.458
20.01	19.99	0.031204	35.553
20.01	19.99	0.031221	35.656
20.01	19.99	0.031238	35.757
20.01	19.99	0.031254	35.851
20.01	19.99	0.031271	35.956
20.01	19.99	0.031287	36.055
20.01	19.99	0.031304	36.149
20.01	19.99	0.031321	36.254
20.01	19.99	0.031337	36.354
20.01	20.00	0.031354	36.448
20.01	20.00	0.031371	36.553
19.99	20.00	0.031387	36.652
19.99	20.00	0.031404	36.747
19.99	20.00	0.031421	36.851
19.99	20.00	0.031437	36.946
19.99	20.00	0.031454	37.045
19.99	20.00	0.031471	37.150
19.99	20.01	0.031487	37.245
19.99	20.01	0.031504	37.344
19.99	20.01	0.031521	37.449
19.99	20.01	0.031537	37.543
19.99	20.01	0.031554	37.643
19.99	20.01	0.031571	37.747
19.99	20.01	0.031587	37.842
19.99	20.01	0.031604	37.942
19.99	20.01	0.031621	38.046
19.99	20.01	0.031637	38.141
19.99	20.01	0.031654	38.240
19.99	20.01	0.031671	38.345
19.99	20.01	0.031687	38.440
19.99	20.00	0.031704	38.541
20.01	20.00	0.031721	38.644
20.01	20.00	0.031737	38.741
20.01	20.00	0.031754	38.841
20.01	20.00	0.031771	38.943
20.01	20.00	0.031787	39.041
20.01	20.00	0.031804	39.140
20.01	19.99	0.031821	39.242
20.01	19.99	0.031837	39.340
20.01	19.99	0.031854	39.441
20.01	19.99	0.031871	39.540
20.01	19.99	0.031887	39.641
20.01	19.99	0.031904	39.740
20.01	19.99	0.031921	39.841
20.01	19.99	0.031937	39.940
20.01	19.99	0.031954	40.041
20.01	19.99	0.031971	40.140
20.01	19.99	0.031987	40.241
20.01	19.99	0.032004	40.340
20.01	19.99	0.032021	40.441
20.01	20.00	0.032037	40.541
20.01	20.00	0.032054	40.640
19.99	20.00	0.032071	40.741
19.99	20.00	0.032087	40.840
19.99	20.00	0.032104	40.941
19.99	20.00	0.032120	41.040
19.99	20.00	0.032137	41.141
19.99	20.00	0.032154	41.241
19.99	20.01	0.032170	41.341
19.99	20.01	0.032187	41.441
19.99	20.01	0.032204	41.540
19.99	20.01	0.032220	41.641
19.99	20.01	0.032237	41.740
19.99	20.01	0.032254	41.842
19.99	20.01	0.032270	41.941
19.99	20.01	0.032287	42.042
19.99	20.01	0.032304	42.142
19.99	20.01	0.032320	42.241
19.99	20.01	0.032337	42.342
19.99	20.01	0.032354	42.441
19.99	20.01	0.032370	42.542
19.99	20.00	0.032387	42.641
20.01	20.00	0.032404	42.742
20.01	20.00	0.032420	42.841
20.01	20.00	0.032437	42.942
20.01	20.00	0.032454	43.041
20.01	20.00	0.032470	43.142
20.01	20.00	0.032487	43.241
20.01	19.99	0.032504	43.342
20.01	19.99	0.032520	43.442
20.01	19.99	0.032537	43.541
20.01	19.99	0.032554	43.642
20.01	19.99	0.032570	43.742
20.01	19.99	0.032587	43.841
20.01	19.99	0.032604	43.942
20.01	19.99	0.032620	44.041
20.01	19.99	0.032637	44.171
20.01	19.99	0.032654	44.265
20.01	19.99	0.032670	44.365
20.01	19.99	0.032687	44.470
20.01	19.99	0.032704	44.564
20.01	20.00	0.032720	44.664
20.01	20.00	0.032737	44.768
19.99	20.00	0.032754	44.863
19.99	20.00	0.032770	44.962
19.99	20.00	0.032787	45.067
19.99	20.00	0.032804	45.161
19.99	20.00	0.032820	45.261
19.99	20.00	0.032837	45.365
19.99	20.01	0.032854	45.460
19.99	20.01	0.032870	45.560
19.99	20.01	0.032887	45.665
19.99	20.01	0.032904	45.759
19.99	20.01	0.032920	45.859
19.99	20.01	0.032937	45.963
19.99	20.01	0.032953	46.057
19.99	20.01	0.032970	46.160
19.99	20.01	0.032987	46.262
19.99	20.01	0.033003	46.357
19.99	20.01	0.033020	46.460
19.99	20.01	0.033037	46.561
19.99	20.01	0.033053	46.655
20.01	20.00	0.033070	46.760
20.01	20.00	0.033087	46.859
20.01	20.00	0.033103	46.954
20.01	20.00	0.033120	47.059
20.01	20.00	0.033137	47.159
20.01	20.00	0.033153	47.253
20.01	20.00	0.033170	47.358
20.01	19.99	0.033187	47.457
20.01	19.99	0.033203	47.552
20.01	19.99	0.033220	47.656
20.01	19.99	0.033237	47.756
20.01	19.99	0.033253	47.851
20.01	19.99	0.033270	47.955
20.01	19.99	0.033287	48.050
20.01	19.99	0.033303	48.149
20.01	19.99	0.033320	48.254
20.01	19.99	0.033337	48.348
20.01	19.99	0.033353	48.448
20.01	19.99	0.033370	48.553
19.99	19.99	0.033387	48.647
19.99	20.00	0.033403	48.747
19.99	20.00	0.033420	48.851
19.99	20.00	0.033437	48.946
19.99	20.00	0.033453	49.045
19.99	20.00	0.033470	49.150
19.99	20.00	0.033487	49.244
19.99	20.00	0.033503	49.344
19.99	20.00	0.033520	49.449
19.99	20.01	0.033537	49.543
19.99	20.01	0.033553	49.644
19.99	20.01	0.033570	49.747
19.99	20.01	0.033587	49.844
19.99	20.01	0.033603	49.943
19.99	20.01	0.033620	50.046
19.99	20.01	0.033637	50.144
19.99	20.01	0.033653	50.244
19.99	20.01	0.033670	50.345
19.99	20.01	0.033687	50.443
19.99	20.01	0.033703	50.544
19.99	20.01	0.033720	50.643
19.99	20.01	0.033737	50.744
20.01	20.00	0.033753	50.843
20.01	20.00	0.033770	50.944
20.01	20.00	0.033786	51.044
20.01	20.00	0.033803	51.143
20.01	20.00	0.033820	51.244
20.01	20.00	0.033836	51.343
20.01	20.00	0.033853	51.444
20.01	19.99	0.033870	51.543
20.01	19.99	0.033886	51.644
20.01	19.99	0.033903	51.743
20.01	19.99	0.033920	51.844
20.01	19.99	0.033936	51.944
20.01	19.99	0.033953	52.043
20.01	19.99	0.033970	52.144
20.01	19.99	0.033986	52.243
20.01	19.99	0.034003	52.344
20.01	19.99	0.034020	52.443
20.01	19.99	0.034036	52.545
20.01	19.99	0.034053	52.645
20.01	19.99	0.034070	52.745
20.01	20.00	0.034086	52.845
20.01	20.00	0.034103	52.944
20.01	20.00	0.034120	53.045
20.01	20.00	0.034136	53.144
19.99	20.00	0.034153	53.245
19.99	20.00	0.034170	53.345
19.99	20.00	0.034186	53.445
19.99	20.00	0.034203	53.544
19.99	20.01	0.034220	53.645
19.99	20.01	0.034236	53.744
19.99	20.01	0.034253	53.845
19.99	20.01	0.034270	53.944
19.99	20.01	0.034286	54.045
19.99	20.01	0.034303	54.145
19.99	20.01	0.034320	54.245
19.99	20.01	0.034336	54.345
19.99	20.01	0.034353	54.444
19.99	20.01	0.034370	54.545
19.99	20.01	0.034386	54.644
19.99	20.01	0.034403	54.745
20.01	20.01	0.034420	54.844
20.01	20.00	0.034436	54.945
20.01	20.00	0.034453	55.045
20.01	20.00	0.034470	55.144
20.01	20.00	0.034486	55.245
20.01	20.00	0.034503	55.344
20.01	20.00	0.034520	55.469
20.01	20.00	0.034536	55.573
20.01	19.99	0.034553	55.668
20.01	19.99	0.034570	55.767
20.01	19.99	0.034586	55.872
20.01	19.99	0.034603	55.966
20.01	19.99	0.034619	56.066
20.01	19.99	0.034636	56.171
20.01	19.99	0.034653	56.265
20.01	19.99	0.034669	56.365
20.01	19.99	0.034686	56.469
20.01	19.99	0.034703	56.564
20.01	19.99	0.034719	56.663
20.01	19.99	0.034736	56.768
19.99	19.99	0.034753	56.863
19.99	20.00	0.034769	56.963
19.99	20.00	0.034786	57.067
19.99	20.00	0.034803	57.161
19.99	20.00	0.034819	57.263
19.99	20.00	0.034836	57.365
19.99	20.00	0.034853	57.460
19.99	20.00	0.034869	57.563
19.99	20.00	0.034886	57.664
19.99	20.01	0.034903	57.759
19.99	20.01	0.034919	57.863
19.99	20.01	0.034936	57.963
19.99	20.01	0.034953	58.057
19.99	20.01	0.034969	58.162
19.99	20.01	0.034986	58.261
19.99	20.01	0.035003	58.356
19.99	20.01	0.035019	58.461
19.99	20.01	0.035036	58.560
19.99	20.01	0.035053	58.655
19.99	20.01	0.035069	58.759
19.99	20.01	0.035086	58.859
19.99	20.01	0.035103	58.953
19.99	20.00	0.035119	59.058
19.99	20.00	0.035136	59.153
20.01	20.00	0.035153	59.252
20.01	20.00	0.035169	59.358
20.01	20.00	0.035186	59.452
20.01	20.00	0.035203	59.552
20.01	20.00	0.035219	59.656
20.01	19.99	0.035236	59.751
20.01	19.99	0.035253	59.850
20.01	19.99	0.035269	59.955
20.01	19.99	0.035286	00.050
20.01	19.99	0.035303	00.149
20.01	19.99	0.035319	00.254
20.01	19.99	0.035336	00.348
20.01	19.99	0.035353	00.448
20.01	19.99	0.035369	00.552
20.01	19.99	0.035386	00.647
20.01	19.99	0.035403	00.747
20.01	19.99	0.035419	00.851
20.01	19.99	0.035436	00.946
19.99	20.00	0.035452	01.045
19.99	20.00	0.035469	01.150
19.99	20.00	0.035486	01.244
19.99	20.00	0.035502	01.345
19.99	20.00	0.035519	01.448
19.99	20.00	0.035536	01.545
19.99	20.00	0.035552	01.645
19.99	20.00	0.035569	01.747
19.99	20.01	0.035586	01.845
19.99	20.01	0.035602	01.944
19.99	20.01	0.035619	02.046
19.99	20.01	0.035636	02.144
19.99	20.01	0.035652	02.245
19.99	20.01	0.035669	02.344
19.99	20.01	0.035686	02.445
19.99	20.01	0.035702	02.545
19.99	20.01	0.035719	02.644
19.99	20.01	0.035736	02.745
19.99	20.01	0.035752	02.844
19.99	20.01	0.035769	02.945
20.01	20.01	0.035786	03.044
20.01	20.00	0.035802	03.145
20.01	20.00	0.035819	03.245
20.01	20.00	0.035836	03.344
20.01	20.00	0.035852	03.445
20.01	20.00	0.035869	03.544
20.01	20.00	0.035886	03.645
20.01	20.00	0.035902	03.744
20.01	19.99	0.035919	03.845
20.01	19.99	0.035936	03.944
20.01	19.99	0.035952	04.045
20.01	19.99	0.035969	04.145
20.01	19.99	0.035986	04.244
20.01	19.99	0.036002	04.345
20.01	19.99	0.036019	04.444
20.01	19.99	0.036036	04.545
20.01	19.99	0.036052	04.644
20.01	19.99	0.036069	04.745
20.01	19.99	0.036086	04.845
20.01	19.99	0.036102	04.945
20.01	19.99	0.036119	05.045
20.01	20.00	0.036136	05.144
20.01	20.00	0.036152	05.245
19.99	20.00	0.036169	05.344
19.99	20.00	0.036186	05.445
19.99	20.00	0.036202	05.544
19.99	20.00	0.036219	05.645
19.99	20.00	0.036236	05.745
19.99	20.00	0.036252	05.844
19.99	20.01	0.036269	05.945
19.99	20.01	0.036285	06.044
19.99	20.01	0.036302	06.145
19.99	20.01	0.036319	06.244
19.99	20.01	0.036335	06.345
19.99	20.01	0.036352	06.444
19.99	20.01	0.036369	06.545
19.99	20.01	0.036385	06.645
19.99	20.01	0.036402	06.744
19.99	20.01	0.036419	06.845
19.99	20.01	0.036435	06.944
19.99	20.01	0.036452	07.045
19.99	20.01	0.036469	07.144
20.01	20.00	0.036485	07.274
20.01	20.00	0.036502	07.368
20.01	20.00	0.036519	07.468
20.01	20.00	0.036535	07.573
20.01	20.00	0.036552	07.667
20.01	20.00	0.036569	07.767
20.01	20.00	0.036585	07.871
20.01	19.99	0.036602	07.966
20.01	19.99	0.036619	08.067
20.01	19.99	0.036635	08.170
20.01	19.99	0.036652	08.264
20.01	19.99	0.036669	08.367
20.01	19.99	0.036685	08.469
20.01	19.99	0.036702	08.563
20.01	19.99	0.036719	08.667
20.01	19.99	0.036735	08.767
20.01	19.99	0.036752	08.862
20.01	19.99	0.036769	08.966
20.01	19.99	0.036785	09.066
20.01	19.99	0.036802	09.161
20.01	20.00	0.036819	09.265
19.99	20.00	0.036835	09.365
19.99	20.00	0.036852	09.459
19.99	20.00	0.036869	09.564
19.99	20.00	0.036885	09.663
19.99	20.00	0.036902	09.758
19.99	20.00	0.036919	09.862
19.99	20.00	0.036935	09.962
19.99	20.01	0.036952	10.057
19.99	20.01	0.036969	10.162
19.99	20.01	0.036985	10.256
19.99	20.01	0.037002	10.355
19.99	20.01	0.037019	10.461
19.99	20.01	0.037035	10.555
19.99	20.01	0.037052	10.655
19.99	20.01	0.037069	10.759
19.99	20.01	0.037085	10.854
19.99	20.01	0.037102	10.953
19.99	20.01	0.037118	11.058
19.99	20.01	0.037135	11.152
19.99	20.01	0.037152	11.252
19.99	20.00	0.037168	11.356
19.99	20.00	0.037185	11.451
20.01	20.00	0.037202	11.551
20.01	20.00	0.037218	11.655
20.01	20.00	0.037235	11.750
20.01	20.00	0.037252	11.849
20.01	20.00	0.037268	11.954
20.01	19.99	0.037285	12.048
20.01	19.99	0.037302	12.148
20.01	19.99	0.037318	12.252
20.01	19.99	0.037335	12.347
20.01	19.99	0.037352	12.448
20.01	19.99	0.037368	12.551
20.01	19.99	0.037385	12.646
20.01	19.99	0.037402	12.748
20.01	19.99	0.037418	12.850
20.01	19.99	0.037435	12.945
20.01	19.99	0.037452	13.048
20.01	19.99	0.037468	13.149
20.01	19.99	0.037485	13.246
20.01	20.00	0.037502	13.348
20.01	20.00	0.037518	13.448
20.01	20.00	0.037535	13.545
20.01	20.00	0.037552	13.647
20.01	20.00	0.037568	13.746
19.99	20.00	0.037585	13.846
19.99	20.00	0.037602	13.946
19.99	20.00	0.037618	14.045
19.99	20.01	0.037635	14.146
19.99	20.01	0.037652	14.245
19.99	20.01	0.037668	14.346
19.99	20.01	0.037685	14.445
19.99	20.01	0.037702	14.546
19.99	20.01	0.037718	14.645
19.99	20.01	0.037735	14.746
19.99	20.01	0.037752	14.846
19.99	20.01	0.037768	14.945
19.99	20.01	0.037785	15.046
19.99	20.01	0.037802	15.145
19.99	20.01	0.037818	15.246
19.99	20.01	0.037835	15.345
19.99	20.00	0.037852	15.446
19.99	20.00	0.037868	15.546
19.99	20.00	0.037885	15.646
19.99	20.00	0.037902	15.746
20.01	20.00	0.037918	15.845
20.01	20.00	0.037935	15.946
20.01	20.00	0.037951	16.045
20.01	19.99	0.037968	16.147
20.01	19.99	0.037985	16.246
20.01	19.99	0.038001	16.347
20.01	19.99	0.038018	16.447
20.01	19.99	0.038035	16.546
20.01	19.99	0.038051	16.647
20.01	19.99	0.038068	16.746
20.01	19.99	0.038085	16.847
20.01	19.99	0.038101	16.946
20.01	19.99	0.038118	17.047
20.01	19.99	0.038135	17.146
20.01	19.99	0.038151	17.247
20.01	19.99	0.038168	17.347
20.01	20.00	0.038185	17.446
20.01	20.00	0.038201	17.547
19.99	20.00	0.038218	17.646
19.99	20.00	0.038235	17.747
19.99	20.00	0.038251	17.846
19.99	20.00	0.038268	17.947
19.99	20.00	0.038285	18.046
19.99	20.00	0.038301	18.146
19.99	20.01	0.038318	18.247
19.99	20.01	0.038335	18.346
19.99	20.01	0.038351	18.447
19.99	20.01	0.038368	18.546
19.99	20.01	0.038385	18.676
19.99	20.01	0.038401	18.770
19.99	20.01	0.038418	18.870
19.99	20.01	0.038435	18.974
19.99	20.01	0.038451	19.069
19.99	20.01	0.038468	19.170
19.99	20.01	0.038485	19.273
19.99	20.01	0.038501	19.368
20.01	20.01	0.038518	19.470
20.01	20.00	0.038535	19.572
20.01	20.00	0.038551	19.666
20.01	20.00	0.038568	19.770
20.01	20.00	0.038585	19.871
20.01	20.00	0.038601	19.965
20.01	20.00	0.038618	20.070
20.01	20.00	0.038635	20.169
20.01	19.99	0.038651	20.265
20.01	19.99	0.038668	20.369
20.01	19.99	0.038685	20.469
20.01	19.99	0.038701	20.563
20.01	19.99	0.038718	20.668
20.01	19.99	0.038735	20.768
20.01	19.99	0.038751	20.862
20.01	19.99	0.038768	20.967
20.01	19.99	0.038784	21.066
20.01	19.99	0.038801	21.161
20.01	19.99	0.038818	21.265
20.01	19.99	0.038834	21.360
20.01	19.99	0.038851	21.460
20.01	20.00	0.038868	21.564
20.01	20.00	0.038884	21.659
19.99	20.00	0.038901	21.758
19.99	20.00	0.038918	21.863
19.99	20.00	0.038934	21.957
19.99	20.00	0.038951	22.057
19.99	20.00	0.038968	22.161
19.99	20.00	0.038984	22.256
19.99	20.01	0.039001	22.356
19.99	20.01	0.039018	22.460
19.99	20.01	0.039034	22.555
19.99	20.01	0.039051	22.654
19.99	20.01	0.039068	22.759
19.99	20.01	0.039084	22.853
19.99	20.01	0.039101	22.953
19.99	20.01	0.039118	23.057
19.99	20.01	0.039134	23.152
19.99	20.01	0.039151	23.251
19.99	20.01	0.039168	23.356
19.99	20.01	0.039184	23.450
19.99	20.01	0.039201	23.551
19.99	20.00	0.039218	23.655
19.99	20.00	0.039234	23.749
20.01	20.00	0.039251	23.852
20.01	20.00	0.039268	23.954
20.01	20.00	0.039284	24.049
20.01	20.00	0.039301	24.151
20.01	20.00	0.039318	24.253
20.01	19.99	0.039334	24.347
20.01	19.99	0.039351	24.451
20.01	19.99	0.039368	24.551
20.01	19.99	0.039384	24.647
20.01	19.99	0.039401	24.751
20.01	19.99	0.039418	24.850
20.01	19.99	0.039434	24.947
20.01	19.99	0.039451	25.049
20.01	19.99	0.039468	25.149
20.01	19.99	0.039484	25.246
20.01	19.99	0.039501	25.348
20.01	19.99	0.039518	25.448
20.01	19.99	0.039534	25.548
20.01	20.00	0.039551	25.648
20.01	20.00	0.039568	25.747
20.01	20.00	0.039584	25.848
19.99	20.00	0.039601	25.947
19.99	20.00	0.039617	26.048
19.99	20.00	0.039634	26.147
19.99	20.00	0.039651	26.248
19.99	20.00	0.039667	26.348
19.99	20.01	0.039684	26.447
19.99	20.01	0.039701	26.548
19.99	20.01	0.039717	26.647
19.99	20.01	0.039734	26.748
19.99	20.01	0.039751	26.847
19.99	20.01	0.039767	26.948
19.99	20.01	0.039784	27.047
19.99	20.01	0.039801	27.148
19.99	20.01	0.039817	27.248
19.99	20.01	0.039834	27.347
19.99	20.01	0.039851	27.448
19.99	20.01	0.039867	27.548
20.01	20.01	0.039884	27.648
20.01	20.00	0.039901	27.747
20.01	20.00	0.039917	27.848
20.01	20.00	0.039934	27.948
20.01	20.00	0.039951	28.048
20.01	20.00	0.039967	28.148
20.01	20.00	0.039984	28.247
20.01	20.00	0.040001	28.348
20.01	19.99	0.040017	28.448
20.01	19.99	0.040034	28.550
20.01	19.99	0.040051	28.649
20.01	19.99	0.040067	28.751
20.01	19.99	0.040084	28.851
20.01	19.99	0.040101	28.950
20.01	19.99	0.040117	29.051
20.01	19.99	0.040134	29.150
20.01	19.99	0.040151	29.251
20.01	19.99	0.040167	29.350
20.01	19.99	0.040184	29.451
20.01	19.99	0.040201	29.550
19.99	19.99	0.040217	29.675
19.99	20.00	0.040234	29.779
19.99	20.00	0.040251	29.874
19.99	20.00	0.040267	29.973
19.99	20.00	0.040284	30.078
19.99	20.00	0.040301	30.173
19.99	20.00	0.040317	30.273
19.99	20.00	0.040334	30.377
19.99	20.00	0.040351	30.471
19.99	20.01	0.040367	30.573
19.99	20.01	0.040384	30.676
19.99	20.01	0.040401	30.770
19.99	20.01	0.040417	30.874
19.99	20.01	0.040434	30.974
19.99	20.01	0.040450	31.068
19.99	20.01	0.040467	31.173
19.99	20.01	0.040484	31.272
19.99	20.01	0.040500	31.368
19.99	20.01	0.040517	31.472
19.99	20.01	0.040534	31.572
19.99	20.01	0.040550	31.667
19.99	20.01	0.040567	31.771
19.99	20.00	0.040584	31.871
20.01	20.00	0.040600	31.965
20.01	20.00	0.040617	32.070
20.01	20.00	0.040634	32.169
20.01	20.00	0.040650	32.264
20.01	20.00	0.040667	32.369
20.01	20.00	0.040684	32.463
20.01	19.99	0.040700	32.563
20.01	19.99	0.040717	32.667
20.01	19.99	0.040734	32.762
20.01	19.99	0.040750	32.861
20.01	19.99	0.040767	32.966
20.01	19.99	0.040784	33.061
20.01	19.99	0.040800	33.160
20.01	19.99	0.040817	33.265
20.01	19.99	0.040834	33.359
20.01	19.99	0.040850	33.459
20.01	19.99	0.040867	33.563
20.01	19.99	0.040884	33.658
20.01	19.99	0.040900	33.757
20.01	20.00	0.040917	33.862
19.99	20.00	0.040934	33.957
19.99	20.00	0.040950	34.056
19.99	20.00	0.040967	34.161
19.99	20.00	0.040984	34.255
19.99	20.00	0.041000	34.355
19.99	20.00	0.041017	34.459
19.99	20.00	0.041034	34.554
19.99	20.01	0.041050	34.654
19.99	20.01	0.041067	34.759
19.99	20.01	0.041084	34.853
19.99	20.01	0.041100	34.955
19.99	20.01	0.041117	35.057
19.99	20.01	0.041134	35.152
19.99	20.01	0.041150	35.254
19.99	20.01	0.041167	35.356
19.99	20.01	0.041184	35.451
19.99	20.01	0.041200	35.554
19.99	20.01	0.041217	35.655
19.99	20.01	0.041234	35.750
20.01	20.01	0.041250	35.854
20.01	20.00	0.041267	35.953
20.01	20.00	0.041283	36.051
20.01	20.00	0.041300	36.152
20.01	20.00	0.041317	36.252
20.01	20.00	0.041333	36.351
20.01	20.00	0.041350	36.451
20.01	20.00	0.041367	36.551
20.01	19.99	0.041383	36.650
20.01	19.99	0.041400	36.751
20.01	19.99	0.041417	36.851
20.01	19.99	0.041433	36.951
20.01	19.99	0.041450	37.051
20.01	19.99	0.041467	37.151
20.01	19.99	0.041483	37.251
20.01	19.99	0.041500	37.350
20.01	19.99	0.041517	37.451
20.01	19.99	0.041533	37.550
20.01	19.99	0.041550	37.651
20.01	19.99	0.041567	37.751
20.01	19.99	0.041583	37.850
19.99	20.00	0.041600	37.951
19.99	20.00	0.041617	38.051
19.99	20.00	0.041633	38.151
19.99	20.00	0.041650	38.250
19.99	20.00	0.041667	38.351
19.99	20.00	0.041683	38.450
19.99	20.00	0.041700	38.551
19.99	20.00	0.041717	38.652
19.99	20.01	0.041733	38.750
19.99	20.01	0.041750	38.851
19.99	20.01	0.041767	38.951
19.99	20.01	0.041783	39.051
19.99	20.01	0.041800	39.150
19.99	20.01	0.041817	39.251
19.99	20.01	0.041833	39.351
19.99	20.01	0.041850	39.450
19.99	20.01	0.041867	39.552
19.99	20.01	0.041883	39.650
19.99	20.01	0.041900	39.751
19.99	20.01	0.041917	39.851
19.99	20.01	0.041933	39.951
19.99	20.00	0.041950	40.050
20.01	20.00	0.041967	40.152
20.01	20.00	0.041983	40.251
20.01	20.00	0.042000	40.350
20.01	20.00	0.042017	40.452
20.01	20.00	0.042033	40.550
20.01	20.00	0.042050	40.651
20.01	19.99	0.042067	40.752
20.01	19.99	0.042083	40.851
20.01	19.99	0.042100	40.951
20.01	19.99	0.042116	41.052
20.01	19.99	0.042133	41.151
20.01	19.99	0.042150	41.250
20.01	19.99	0.042166	41.352
20.01	19.99	0.042183	41.450
20.01	19.99	0.042200	41.575
20.01	19.99	0.042216	41.652
20.01	19.99	0.042233	41.779
20.01	19.99	0.042250	41.873
20.01	19.99	0.042266	41.952
19.99	20.00	0.042283	42.078
19.99	20.00	0.042300	42.172
19.99	20.00	0.042316	42.277
19.99	20.00	0.042333	42.376
19.99	20.00	0.042350	42.471
19.99	20.00	0.042366	42.575
19.99	20.00	0.042383	42.675
19.99	20.00	0.042400	42.770
19.99	20.01	0.042416	42.874
19.99	20.01	0.042433	42.974
19.99	20.01	0.042450	43.068
19.99	20.01	0.042466	43.173
19.99	20.01	0.042483	43.267
19.99	20.01	0.042500	43.367
19.99	20.01	0.042516	43.471
19.99	20.01	0.042533	43.566
19.99	20.01	0.042550	43.666
19.99	20.01	0.042566	43.770
19.99	20.01	0.042583	43.865
19.99	20.01	0.042600	43.964
19.99	20.01	0.042616	44.069
19.99	20.00	0.042633	44.163
20.01	20.00	0.042650	44.264
20.01	20.00	0.042666	44.368
20.01	20.00	0.042683	44.462
20.01	20.00	0.042700	44.563
20.01	20.00	0.042716	44.667
20.01	20.00	0.042733	44.761
20.01	19.99	0.042750	44.861
20.01	19.99	0.042766	44.966
20.01	19.99	0.042783	45.061
20.01	19.99	0.042800	45.160
20.01	19.99	0.042816	45.265
20.01	19.99	0.042833	45.359
20.01	19.99	0.042850	45.459
20.01	19.99	0.042866	45.563
20.01	19.99	0.042883	45.658
20.01	19.99	0.042900	45.758
20.01	19.99	0.042916	45.862
20.01	19.99	0.042933	45.957
20.01	19.99	0.042949	46.058
19.99	20.00	0.042966	46.161
19.99	20.00	0.042983	46.255
19.99	20.00	0.042999	46.358
19.99	20.00	0.043016	46.459
19.99	20.00	0.043033	46.554
19.99	20.00	0.043049	46.658
19.99	20.00	0.043066	46.758
19.99	20.00	0.043083	46.853
19.99	20.01	0.043099	46.957
19.99	20.01	0.043116	47.057
19.99	20.01	0.043133	47.151
19.99	20.01	0.043149	47.256
19.99	20.01	0.043166	47.355
19.99	20.01	0.043183	47.451
19.99	20.01	0.043199	47.555
19.99	20.01	0.043216	47.654
19.99	20.01	0.043233	47.751
19.99	20.01	0.043249	47.853
19.99	20.01	0.043266	47.954
19.99	20.01	0.043283	48.050
20.01	20.01	0.043299	48.152
20.01	20.00	0.043316	48.254
20.01	20.00	0.043333	48.351
20.01	20.00	0.043349	48.451
20.01	20.00	0.043366	48.554
20.01	20.00	0.043383	48.651
20.01	20.00	0.043399	48.750
20.01	20.00	0.043416	48.855
20.01	19.99	0.043433	48.950
20.01	19.99	0.043449	49.051
20.01	19.99	0.043466	49.154
20.01	19.99	0.043483	49.251
20.01	19.99	0.043499	49.351
20.01	19.99	0.043516	49.454
20.01	19.99	0.043533	49.551
20.01	19.99	0.043549	49.650
20.01	19.99	0.043566	49.755
20.01	19.99	0.043583	49.851
20.01	19.99	0.043599	49.950
20.01	19.99	0.043616	50.055
20.01	19.99	0.043633	50.151
20.01	20.00	0.043649	50.250
20.01	20.00	0.043666	50.355
19.99	20.00	0.043683	50.450
19.99	20.00	0.043699	50.551
