100.00	0.00	7.23	30.00	150.00	2.70	97.30	0.50	

20.01	20.00	0.000000	50.416
20.01	20.00	0.000017	50.517
20.01	20.00	0.000033	50.623
20.01	20.00	0.000050	50.717
20.01	20.01	0.000067	50.818
20.01	20.01	0.000083	50.923
20.01	20.01	0.000100	51.019
20.01	20.01	0.000117	51.119
20.01	20.01	0.000133	51.217
20.01	20.01	0.000150	51.319
20.01	20.01	0.000167	51.418
20.01	20.01	0.000183	51.523
20.01	20.01	0.000200	51.619
20.01	20.01	0.000217	51.720
20.01	20.01	0.000233	51.823
20.01	20.01	0.000250	51.920
20.01	20.01	0.000267	52.020
20.01	20.00	0.000283	52.123
20.01	20.00	0.000300	52.219
20.01	20.00	0.000317	52.319
20.01	20.00	0.000333	52.423
20.01	20.00	0.000350	52.519
20.01	20.00	0.000367	52.620
20.01	20.00	0.000383	52.724
20.04	19.99	0.000400	52.819
20.04	19.99	0.000416	52.920
20.04	19.99	0.000433	53.024
20.04	19.99	0.000450	53.120
20.01	19.99	0.000466	53.219
20.01	19.99	0.000483	53.324
20.01	19.99	0.000500	53.420
20.01	19.99	0.000516	53.520
20.01	19.99	0.000533	53.624
20.01	19.99	0.000550	53.719
20.01	19.99	0.000566	53.820
20.01	19.99	0.000583	53.924
20.01	19.99	0.000600	54.020
20.01	20.00	0.000616	54.118
20.01	20.00	0.000633	54.224
19.99	20.00	0.000650	54.319
19.99	20.00	0.000666	54.420
19.99	20.00	0.000683	54.524
19.99	20.00	0.000700	54.649
19.99	20.00	0.000716	54.743
19.99	20.00	0.000733	54.848
19.99	20.01	0.000750	54.947
19.99	20.01	0.000766	55.042
19.99	20.01	0.000783	55.146
19.99	20.01	0.000800	55.246
19.99	20.01	0.000816	55.341
19.99	20.01	0.000833	55.445
19.99	20.01	0.000850	55.545
19.99	20.01	0.000866	55.639
19.99	20.01	0.000883	55.744
19.99	20.01	0.000900	55.838
19.99	20.01	0.000916	55.938
19.99	20.01	0.000933	56.043
19.99	20.01	0.000950	56.137
19.99	20.00	0.000966	56.237
19.99	20.00	0.000983	56.341
19.99	20.00	0.001000	56.436
19.99	20.00	0.001016	56.535
19.99	20.00	0.001033	56.640
19.99	20.00	0.001050	56.734
19.99	20.00	0.001066	56.834
19.99	19.99	0.001083	56.939
19.99	19.99	0.001100	57.033
19.99	19.99	0.001116	57.133
19.99	19.99	0.001133	57.238
19.99	19.99	0.001150	57.332
19.99	19.99	0.001166	57.432
19.99	19.99	0.001183	57.537
19.99	19.99	0.001200	57.631
19.99	19.99	0.001216	57.731
19.99	19.99	0.001233	57.835
19.99	19.99	0.001250	57.930
19.99	19.99	0.001266	58.029
19.99	19.99	0.001283	58.134
19.99	20.00	0.001299	58.228
19.99	20.00	0.001316	58.329
19.99	20.00	0.001333	58.433
19.99	20.00	0.001349	58.527
19.99	20.00	0.001366	58.630
19.99	20.00	0.001383	58.731
19.99	20.00	0.001399	58.826
19.99	20.00	0.001416	58.929
19.99	20.01	0.001433	59.030
19.99	20.01	0.001449	59.125
19.99	20.01	0.001466	59.229
19.99	20.01	0.001483	59.329
19.99	20.01	0.001499	59.425
19.99	20.01	0.001516	59.528
19.99	20.01	0.001533	59.628
19.99	20.01	0.001549	59.725
19.99	20.01	0.001566	59.827
19.99	20.01	0.001583	59.927
19.99	20.01	0.001599	00.024
19.99	20.01	0.001616	00.126
20.01	20.01	0.001633	00.225
20.01	20.00	0.001649	00.326
20.01	20.00	0.001666	00.425
20.01	20.00	0.001683	00.526
20.01	20.00	0.001699	00.625
20.01	20.00	0.001716	00.726
20.01	20.00	0.001733	00.826
20.01	20.00	0.001749	00.925
20.01	19.99	0.001766	01.026
20.01	19.99	0.001783	01.126
20.01	19.99	0.001799	01.225
20.01	19.99	0.001816	01.325
20.01	19.99	0.001833	01.426
20.01	19.99	0.001849	01.526
20.01	19.99	0.001866	01.625
20.01	19.99	0.001883	01.727
20.01	19.99	0.001899	01.825
20.01	19.99	0.001916	01.926
20.01	19.99	0.001933	02.026
20.01	19.99	0.001949	02.125
20.01	19.99	0.001966	02.225
20.01	20.00	0.001983	02.326
19.99	20.00	0.001999	02.426
19.99	20.00	0.002016	02.525
19.99	20.00	0.002033	02.627
19.99	20.00	0.002049	02.726
19.99	20.00	0.002066	02.827
19.99	20.00	0.002082	02.926
19.99	20.00	0.002099	03.027
19.99	20.01	0.002116	03.126
19.99	20.01	0.002132	03.227
19.99	20.01	0.002149	03.327
19.99	20.01	0.002166	03.426
19.99	20.01	0.002182	03.527
19.99	20.01	0.002199	03.626
19.99	20.01	0.002216	03.727
19.99	20.01	0.002232	03.827
20.01	20.01	0.002249	03.927
20.01	20.01	0.002266	04.027
20.01	20.01	0.002282	04.127
20.01	20.01	0.002299	04.226
20.01	20.01	0.002316	04.326
20.01	20.00	0.002332	04.427
20.01	20.00	0.002349	04.526
20.01	20.00	0.002366	04.627
20.01	20.00	0.002382	04.728
20.01	20.00	0.002399	04.826
20.01	20.00	0.002416	04.951
20.01	20.00	0.002432	05.027
20.01	19.99	0.002449	05.155
20.01	19.99	0.002466	05.249
20.01	19.99	0.002482	05.327
20.01	19.99	0.002499	05.453
20.01	19.99	0.002516	05.548
20.01	19.99	0.002532	05.628
20.01	19.99	0.002549	05.752
20.01	19.99	0.002566	05.847
20.01	19.99	0.002582	05.951
20.01	19.99	0.002599	06.051
20.01	19.99	0.002616	06.145
20.01	19.99	0.002632	06.250
19.99	19.99	0.002649	06.349
19.99	20.00	0.002666	06.444
19.99	20.00	0.002682	06.549
19.99	20.00	0.002699	06.648
19.99	20.00	0.002716	06.743
19.99	20.00	0.002732	06.847
19.99	20.00	0.002749	06.942
19.99	20.00	0.002766	07.041
19.99	20.00	0.002782	07.146
19.99	20.01	0.002799	07.241
19.99	20.01	0.002816	07.340
19.99	20.01	0.002832	07.445
19.99	20.01	0.002849	07.539
19.99	20.01	0.002866	07.639
19.99	20.01	0.002882	07.743
19.99	20.01	0.002899	07.838
19.99	20.01	0.002915	07.937
19.99	20.01	0.002932	08.042
19.99	20.01	0.002949	08.137
20.01	20.01	0.002965	08.237
20.01	20.01	0.002982	08.341
20.01	20.01	0.002999	08.436
20.01	20.00	0.003015	08.536
20.01	20.00	0.003032	08.640
20.01	20.00	0.003049	08.735
20.01	20.00	0.003065	08.835
20.01	20.00	0.003082	08.939
20.01	20.00	0.003099	09.034
20.01	20.00	0.003115	09.133
20.01	19.99	0.003132	09.238
20.01	19.99	0.003149	09.332
20.01	19.99	0.003165	09.433
20.01	19.99	0.003182	09.536
20.01	19.99	0.003199	09.631
20.01	19.99	0.003215	09.734
20.01	19.99	0.003232	09.835
20.01	19.99	0.003249	09.929
20.01	19.99	0.003265	10.034
20.01	19.99	0.003282	10.133
20.01	19.99	0.003299	10.228
20.01	19.99	0.003315	10.333
20.01	19.99	0.003332	10.432
20.01	20.00	0.003349	10.529
20.01	20.00	0.003365	10.632
20.01	20.00	0.003382	10.731
19.99	20.00	0.003399	10.830
19.99	20.00	0.003415	10.930
19.99	20.00	0.003432	11.030
19.99	20.00	0.003449	11.128
19.99	20.00	0.003465	11.229
19.99	20.01	0.003482	11.330
19.99	20.01	0.003499	11.429
19.99	20.01	0.003515	11.530
19.99	20.01	0.003532	11.629
19.99	20.01	0.003549	11.730
19.99	20.01	0.003565	11.829
19.99	20.01	0.003582	11.930
19.99	20.01	0.003599	12.029
19.99	20.01	0.003615	12.129
19.99	20.01	0.003632	12.230
19.99	20.01	0.003649	12.329
19.99	20.01	0.003665	12.430
19.99	20.01	0.003682	12.529
19.99	20.00	0.003699	12.630
19.99	20.00	0.003715	12.729
19.99	20.00	0.003732	12.830
19.99	20.00	0.003748	12.930
19.99	20.00	0.003765	13.030
19.99	20.00	0.003782	13.130
20.01	20.00	0.003798	13.229
20.01	19.99	0.003815	13.330
20.01	19.99	0.003832	13.431
20.01	19.99	0.003848	13.530
20.01	19.99	0.003865	13.631
20.01	19.99	0.003882	13.731
20.01	19.99	0.003898	13.830
20.01	19.99	0.003915	13.930
20.01	19.99	0.003932	14.031
20.01	19.99	0.003948	14.129
20.01	19.99	0.003965	14.232
20.01	19.99	0.003982	14.331
20.01	19.99	0.003998	14.431
20.01	19.99	0.004015	14.532
19.99	20.00	0.004032	14.631
19.99	20.00	0.004048	14.732
19.99	20.00	0.004065	14.831
19.99	20.00	0.004082	14.932
19.99	20.00	0.004098	15.031
19.99	20.00	0.004115	15.131
19.99	20.00	0.004132	15.231
19.99	20.00	0.004148	15.362
19.99	20.01	0.004165	15.432
19.99	20.01	0.004182	15.531
19.99	20.01	0.004198	15.661
19.99	20.01	0.004215	15.755
19.99	20.01	0.004232	15.855
19.99	20.01	0.004248	15.959
19.99	20.01	0.004265	16.054
19.99	20.01	0.004282	16.155
19.99	20.01	0.004298	16.258
20.01	20.01	0.004315	16.353
20.01	20.01	0.004332	16.456
20.01	20.01	0.004348	16.557
20.01	20.01	0.004365	16.652
20.01	20.00	0.004382	16.755
20.01	20.00	0.004398	16.855
20.01	20.00	0.004415	16.950
20.01	20.00	0.004432	17.054
20.01	20.00	0.004448	17.154
20.01	20.00	0.004465	17.249
20.01	20.00	0.004482	17.354
20.01	19.99	0.004498	17.453
20.01	19.99	0.004515	17.548
20.01	19.99	0.004532	17.652
20.01	19.99	0.004548	17.752
20.01	19.99	0.004565	17.847
20.01	19.99	0.004581	17.951
20.01	19.99	0.004598	18.046
20.01	19.99	0.004615	18.145
20.01	19.99	0.004631	18.250
20.01	19.99	0.004648	18.344
20.01	19.99	0.004665	18.444
20.01	19.99	0.004681	18.548
19.99	19.99	0.004698	18.643
19.99	20.00	0.004715	18.743
19.99	20.00	0.004731	18.847
19.99	20.00	0.004748	18.942
19.99	20.00	0.004765	19.041
19.99	20.00	0.004781	19.146
19.99	20.00	0.004798	19.240
19.99	20.00	0.004815	19.340
19.99	20.00	0.004831	19.445
19.99	20.01	0.004848	19.539
19.99	20.01	0.004865	19.639
19.99	20.01	0.004881	19.743
19.99	20.01	0.004898	19.838
19.99	20.01	0.004915	19.937
19.99	20.01	0.004931	20.042
19.99	20.01	0.004948	20.136
19.99	20.01	0.004965	20.237
19.99	20.01	0.004981	20.341
20.01	20.01	0.004998	20.436
20.01	20.01	0.005015	20.536
20.01	20.01	0.005031	20.640
20.01	20.01	0.005048	20.734
20.01	20.00	0.005065	20.837
20.01	20.00	0.005081	20.938
20.01	20.00	0.005098	21.033
20.01	20.00	0.005115	21.137
20.01	20.00	0.005131	21.237
20.01	20.00	0.005148	21.333
20.01	20.00	0.005165	21.436
20.01	19.99	0.005181	21.536
20.01	19.99	0.005198	21.632
20.01	19.99	0.005215	21.735
20.01	19.99	0.005231	21.835
20.01	19.99	0.005248	21.932
20.01	19.99	0.005265	22.034
20.01	19.99	0.005281	22.133
20.01	19.99	0.005298	22.232
20.01	19.99	0.005315	22.332
20.01	19.99	0.005331	22.433
20.01	19.99	0.005348	22.533
20.01	19.99	0.005365	22.633
20.01	19.99	0.005381	22.733
20.01	20.00	0.005398	22.833
20.01	20.00	0.005414	22.932
19.99	20.00	0.005431	23.033
19.99	20.00	0.005448	23.131
19.99	20.00	0.005464	23.233
19.99	20.00	0.005481	23.333
19.99	20.00	0.005498	23.433
19.99	20.00	0.005514	23.533
19.99	20.01	0.005531	23.633
19.99	20.01	0.005548	23.733
19.99	20.01	0.005564	23.832
19.99	20.01	0.005581	23.934
19.99	20.01	0.005598	24.033
19.99	20.01	0.005614	24.133
19.99	20.01	0.005631	24.234
19.99	20.01	0.005648	24.333
19.99	20.01	0.005664	24.433
19.99	20.01	0.005681	24.534
20.01	20.01	0.005698	24.633
20.01	20.01	0.005714	24.734
20.01	20.01	0.005731	24.833
20.01	20.00	0.005748	24.934
20.01	20.00	0.005764	25.034
20.01	20.00	0.005781	25.133
20.01	20.00	0.005798	25.234
20.01	20.00	0.005814	25.333
20.01	20.00	0.005831	25.434
20.01	20.00	0.005848	25.533
20.01	19.99	0.005864	25.634
20.01	19.99	0.005881	25.733
20.01	19.99	0.005898	25.834
20.01	19.99	0.005914	25.934
20.01	19.99	0.005931	26.034
20.01	19.99	0.005948	26.134
20.01	19.99	0.005964	26.233
20.01	19.99	0.005981	26.334
20.01	19.99	0.005998	26.434
20.01	19.99	0.006014	26.533
20.01	19.99	0.006031	26.634
20.01	19.99	0.006048	26.734
19.99	19.99	0.006064	26.833
19.99	20.00	0.006081	26.934
19.99	20.00	0.006098	27.033
19.99	20.00	0.006114	27.132
19.99	20.00	0.006131	27.234
19.99	20.00	0.006148	27.361
19.99	20.00	0.006164	27.456
19.99	20.00	0.006181	27.535
19.99	20.00	0.006198	27.660
19.99	20.01	0.006214	27.755
19.99	20.01	0.006231	27.834
19.99	20.01	0.006247	27.960
19.99	20.01	0.006264	28.054
19.99	20.01	0.006281	28.159
19.99	20.01	0.006297	28.258
19.99	20.01	0.006314	28.353
19.99	20.01	0.006331	28.457
19.99	20.01	0.006347	28.557
19.99	20.01	0.006364	28.651
19.99	20.01	0.006381	28.756
19.99	20.01	0.006397	28.855
19.99	20.01	0.006414	28.950
20.01	20.00	0.006431	29.054
20.01	20.00	0.006447	29.149
20.01	20.00	0.006464	29.249
20.01	20.00	0.006481	29.353
20.01	20.00	0.006497	29.448
20.01	20.00	0.006514	29.547
20.01	20.00	0.006531	29.652
20.01	19.99	0.006547	29.746
20.01	19.99	0.006564	29.847
20.01	19.99	0.006581	29.951
20.01	19.99	0.006597	30.045
20.01	19.99	0.006614	30.146
20.01	19.99	0.006631	30.249
20.01	19.99	0.006647	30.344
20.01	19.99	0.006664	30.444
20.01	19.99	0.006681	30.549
20.01	19.99	0.006697	30.643
20.01	19.99	0.006714	30.743
20.01	19.99	0.006731	30.848
19.99	19.99	0.006747	30.942
19.99	20.00	0.006764	31.042
19.99	20.00	0.006781	31.146
19.99	20.00	0.006797	31.241
19.99	20.00	0.006814	31.340
19.99	20.00	0.006831	31.445
19.99	20.00	0.006847	31.539
19.99	20.00	0.006864	31.640
19.99	20.00	0.006881	31.744
19.99	20.01	0.006897	31.838
19.99	20.01	0.006914	31.940
19.99	20.01	0.006931	32.042
19.99	20.01	0.006947	32.137
19.99	20.01	0.006964	32.239
19.99	20.01	0.006981	32.341
19.99	20.01	0.006997	32.436
19.99	20.01	0.007014	32.540
20.01	20.01	0.007031	32.639
20.01	20.01	0.007047	32.736
20.01	20.01	0.007064	32.838
20.01	20.01	0.007080	32.938
20.01	20.01	0.007097	33.034
20.01	20.00	0.007114	33.137
20.01	20.00	0.007130	33.237
20.01	20.00	0.007147	33.335
20.01	20.00	0.007164	33.437
20.01	20.00	0.007180	33.536
20.01	20.00	0.007197	33.636
20.01	20.00	0.007214	33.735
20.01	19.99	0.007230	33.836
20.01	19.99	0.007247	33.935
20.01	19.99	0.007264	34.036
20.01	19.99	0.007280	34.137
20.01	19.99	0.007297	34.235
20.01	19.99	0.007314	34.336
20.01	19.99	0.007330	34.436
20.01	19.99	0.007347	34.536
20.01	19.99	0.007364	34.635
19.99	19.99	0.007380	34.737
19.99	19.99	0.007397	34.835
19.99	19.99	0.007414	34.936
19.99	19.99	0.007430	35.037
19.99	20.00	0.007447	35.135
19.99	20.00	0.007464	35.235
19.99	20.00	0.007480	35.336
19.99	20.00	0.007497	35.436
19.99	20.00	0.007514	35.535
19.99	20.00	0.007530	35.637
19.99	20.00	0.007547	35.736
19.99	20.00	0.007564	35.837
19.99	20.01	0.007580	35.937
19.99	20.01	0.007597	36.036
19.99	20.01	0.007614	36.136
19.99	20.01	0.007630	36.236
19.99	20.01	0.007647	36.337
19.99	20.01	0.007664	36.436
19.99	20.01	0.007680	36.537
19.99	20.01	0.007697	36.637
19.99	20.01	0.007714	36.736
19.99	20.01	0.007730	36.837
19.99	20.01	0.007747	36.936
19.99	20.01	0.007764	37.036
20.01	20.01	0.007780	37.137
20.01	20.00	0.007797	37.236
20.01	20.00	0.007814	37.336
20.01	20.00	0.007830	37.437
20.01	20.00	0.007847	37.537
20.01	20.00	0.007864	37.637
20.01	20.00	0.007880	37.737
20.01	20.00	0.007897	37.837
20.01	19.99	0.007913	37.936
20.01	19.99	0.007930	38.037
20.01	19.99	0.007947	38.135
20.01	19.99	0.007963	38.261
20.01	19.99	0.007980	38.338
20.01	19.99	0.007997	38.435
20.01	19.99	0.008013	38.560
20.01	19.99	0.008030	38.637
20.01	19.99	0.008047	38.764
20.01	19.99	0.008063	38.858
20.01	19.99	0.008080	38.938
20.01	19.99	0.008097	39.063
19.99	19.99	0.008113	39.157
19.99	20.00	0.008130	39.262
19.99	20.00	0.008147	39.362
19.99	20.00	0.008163	39.456
19.99	20.00	0.008180	39.561
19.99	20.00	0.008197	39.661
19.99	20.00	0.008213	39.754
19.99	20.00	0.008230	39.860
19.99	20.00	0.008247	39.959
19.99	20.01	0.008263	40.054
19.99	20.01	0.008280	40.158
19.99	20.01	0.008297	40.253
19.99	20.01	0.008313	40.352
19.99	20.01	0.008330	40.457
19.99	20.01	0.008347	40.551
19.99	20.01	0.008363	40.651
19.99	20.01	0.008380	40.755
20.01	20.01	0.008397	40.850
20.01	20.01	0.008413	40.950
20.01	20.01	0.008430	41.054
20.01	20.01	0.008447	41.149
20.01	20.01	0.008463	41.248
20.01	20.00	0.008480	41.354
20.01	20.00	0.008497	41.448
20.01	20.00	0.008513	41.548
20.01	20.00	0.008530	41.652
20.01	20.00	0.008547	41.747
20.01	20.00	0.008563	41.847
20.01	20.00	0.008580	41.951
20.01	19.99	0.008597	42.046
20.01	19.99	0.008613	42.145
20.01	19.99	0.008630	42.250
20.01	19.99	0.008647	42.344
20.01	19.99	0.008663	42.444
20.01	19.99	0.008680	42.549
20.01	19.99	0.008697	42.643
20.01	19.99	0.008713	42.744
20.01	19.99	0.008730	42.847
20.01	19.99	0.008746	42.942
20.01	19.99	0.008763	43.043
20.01	19.99	0.008780	43.146
20.01	19.99	0.008796	43.240
20.01	20.00	0.008813	43.343
20.01	20.00	0.008830	43.445
20.01	20.00	0.008846	43.539
19.99	20.00	0.008863	43.644
19.99	20.00	0.008880	43.743
19.99	20.00	0.008896	43.838
19.99	20.00	0.008913	43.942
19.99	20.00	0.008930	44.042
19.99	20.01	0.008946	44.137
19.99	20.01	0.008963	44.241
19.99	20.01	0.008980	44.341
19.99	20.01	0.008996	44.437
19.99	20.01	0.009013	44.540
19.99	20.01	0.009030	44.639
19.99	20.01	0.009046	44.738
19.99	20.01	0.009063	44.838
19.99	20.01	0.009080	44.939
20.01	20.01	0.009096	45.038
20.01	20.01	0.009113	45.137
20.01	20.01	0.009130	45.240
20.01	20.01	0.009146	45.337
20.01	20.00	0.009163	45.438
20.01	20.00	0.009180	45.539
20.01	20.00	0.009196	45.638
20.01	20.00	0.009213	45.737
20.01	20.00	0.009230	45.840
20.01	20.00	0.009246	45.938
20.01	20.00	0.009263	46.037
20.01	19.99	0.009280	46.140
20.01	19.99	0.009296	46.237
20.01	19.99	0.009313	46.338
20.01	19.99	0.009330	46.439
20.01	19.99	0.009346	46.538
20.01	19.99	0.009363	46.638
20.01	19.99	0.009380	46.740
20.01	19.99	0.009396	46.838
20.01	19.99	0.009413	46.937
20.01	19.99	0.009430	47.040
20.01	19.99	0.009446	47.136
20.01	19.99	0.009463	47.237
19.99	19.99	0.009480	47.340
19.99	20.00	0.009496	47.438
19.99	20.00	0.009513	47.538
19.99	20.00	0.009530	47.640
19.99	20.00	0.009546	47.738
19.99	20.00	0.009563	47.837
19.99	20.00	0.009579	47.941
19.99	20.00	0.009596	48.037
19.99	20.00	0.009613	48.138
19.99	20.01	0.009629	48.241
19.99	20.01	0.009646	48.338
19.99	20.01	0.009663	48.438
19.99	20.01	0.009679	48.540
19.99	20.01	0.009696	48.638
19.99	20.01	0.009713	48.737
19.99	20.01	0.009729	48.841
19.99	20.01	0.009746	48.937
19.99	20.01	0.009763	49.038
19.99	20.01	0.009779	49.141
19.99	20.01	0.009796	49.236
19.99	20.01	0.009813	49.338
19.99	20.01	0.009829	49.441
19.99	20.00	0.009846	49.538
20.01	20.00	0.009863	49.638
20.01	20.00	0.009879	49.741
20.01	20.00	0.009896	49.838
20.01	20.00	0.009913	49.938
20.01	20.00	0.009929	50.041
20.01	20.00	0.009946	50.167
20.01	19.99	0.009963	50.261
20.01	19.99	0.009979	50.366
20.01	19.99	0.009996	50.465
20.01	19.99	0.010013	50.560
20.01	19.99	0.010029	50.664
20.01	19.99	0.010046	50.764
20.01	19.99	0.010063	50.859
20.01	19.99	0.010079	50.963
20.01	19.99	0.010096	51.063
20.01	19.99	0.010113	51.157
20.01	19.99	0.010129	51.262
19.99	19.99	0.010146	51.361
19.99	19.99	0.010163	51.456
19.99	20.00	0.010179	51.560
19.99	20.00	0.010196	51.655
19.99	20.00	0.010213	51.755
19.99	20.00	0.010229	51.859
19.99	20.00	0.010246	51.954
19.99	20.00	0.010263	52.053
19.99	20.00	0.010279	52.158
19.99	20.00	0.010296	52.252
19.99	20.01	0.010313	52.352
19.99	20.01	0.010329	52.457
19.99	20.01	0.010346	52.551
19.99	20.01	0.010363	52.651
19.99	20.01	0.010379	52.755
19.99	20.01	0.010396	52.850
19.99	20.01	0.010412	52.950
19.99	20.01	0.010429	53.054
19.99	20.01	0.010446	53.149
19.99	20.01	0.010462	53.249
19.99	20.01	0.010479	53.353
20.01	20.01	0.010496	53.448
20.01	20.01	0.010512	53.547
20.01	20.00	0.010529	53.652
20.01	20.00	0.010546	53.746
20.01	20.00	0.010562	53.847
20.01	20.00	0.010579	53.950
20.01	20.00	0.010596	54.045
20.01	20.00	0.010612	54.147
20.01	20.00	0.010629	54.249
20.01	19.99	0.010646	54.344
20.01	19.99	0.010662	54.447
20.01	19.99	0.010679	54.548
20.01	19.99	0.010696	54.642
20.01	19.99	0.010712	54.747
20.01	19.99	0.010729	54.847
20.01	19.99	0.010746	54.941
20.01	19.99	0.010762	55.046
20.01	19.99	0.010779	55.145
20.01	19.99	0.010796	55.240
19.99	19.99	0.010812	55.344
19.99	19.99	0.010829	55.444
19.99	19.99	0.010846	55.538
19.99	20.00	0.010862	55.643
19.99	20.00	0.010879	55.743
19.99	20.00	0.010896	55.837
19.99	20.00	0.010912	55.942
19.99	20.00	0.010929	56.037
19.99	20.00	0.010946	56.138
19.99	20.00	0.010962	56.240
19.99	20.00	0.010979	56.343
19.99	20.01	0.010996	56.439
19.99	20.01	0.011012	56.539
19.99	20.01	0.011029	56.643
19.99	20.01	0.011046	56.738
19.99	20.01	0.011062	56.839
19.99	20.01	0.011079	56.938
20.01	20.01	0.011096	57.039
20.01	20.01	0.011112	57.138
20.01	20.01	0.011129	57.243
20.01	20.01	0.011146	57.339
20.01	20.01	0.011162	57.438
20.01	20.01	0.011179	57.539
20.01	20.01	0.011196	57.638
20.01	20.00	0.011212	57.739
20.01	20.00	0.011229	57.838
20.01	20.00	0.011245	57.939
20.01	20.00	0.011262	58.039
20.01	20.00	0.011279	58.143
20.01	20.00	0.011295	58.240
20.01	20.00	0.011312	58.339
20.01	19.99	0.011329	58.444
20.01	19.99	0.011345	58.539
20.01	19.99	0.011362	58.640
20.01	19.99	0.011379	58.743
20.01	19.99	0.011395	58.840
20.01	19.99	0.011412	58.940
20.01	19.99	0.011429	59.039
20.01	19.99	0.011445	59.139
20.01	19.99	0.011462	59.239
20.01	19.99	0.011479	59.344
20.01	19.99	0.011495	59.439
19.99	19.99	0.011512	59.540
19.99	19.99	0.011529	59.644
19.99	20.00	0.011545	59.740
19.99	20.00	0.011562	59.840
19.99	20.00	0.011579	59.939
19.99	20.00	0.011595	00.040
19.99	20.00	0.011612	00.138
19.99	20.00	0.011629	00.244
19.99	20.00	0.011645	00.339
19.99	20.00	0.011662	00.440
19.99	20.01	0.011679	00.540
19.99	20.01	0.011695	00.639
19.99	20.01	0.011712	00.740
19.99	20.01	0.011729	00.839
19.99	20.01	0.011745	00.940
19.99	20.01	0.011762	01.039
19.99	20.01	0.011779	01.145
19.99	20.01	0.011795	01.239
19.99	20.01	0.011812	01.339
20.01	20.01	0.011829	01.440
20.01	20.01	0.011845	01.539
20.01	20.01	0.011862	01.664
20.01	20.01	0.011879	01.768
20.01	20.00	0.011895	01.868
20.01	20.00	0.011912	01.962
20.01	20.00	0.011929	02.067
20.01	20.00	0.011945	02.166
20.01	20.00	0.011962	02.261
20.01	20.00	0.011979	02.366
20.01	20.00	0.011995	02.465
20.01	19.99	0.012012	02.560
20.01	19.99	0.012029	02.664
20.01	19.99	0.012045	02.759
20.01	19.99	0.012062	02.858
20.01	19.99	0.012078	02.963
20.01	19.99	0.012095	03.058
20.01	19.99	0.012112	03.157
20.01	19.99	0.012128	03.262
20.01	19.99	0.012145	03.356
19.99	19.99	0.012162	03.456
19.99	19.99	0.012178	03.560
19.99	19.99	0.012195	03.655
19.99	19.99	0.012212	03.754
19.99	20.00	0.012228	03.859
19.99	20.00	0.012245	03.954
19.99	20.00	0.012262	04.053
19.99	20.00	0.012278	04.158
19.99	20.00	0.012295	04.252
19.99	20.00	0.012312	04.352
19.99	20.00	0.012328	04.456
19.99	20.00	0.012345	04.551
19.99	20.01	0.012362	04.651
19.99	20.01	0.012378	04.755
19.99	20.01	0.012395	04.850
19.99	20.01	0.012412	04.950
19.99	20.01	0.012428	05.054
19.99	20.01	0.012445	05.149
19.99	20.01	0.012462	05.250
19.99	20.01	0.012478	05.353
19.99	20.01	0.012495	05.448
19.99	20.01	0.012512	05.550
20.01	20.01	0.012528	05.652
20.01	20.01	0.012545	05.746
20.01	20.01	0.012562	05.851
20.01	20.00	0.012578	05.950
20.01	20.00	0.012595	06.045
20.01	20.00	0.012612	06.149
20.01	20.00	0.012628	06.249
20.01	20.00	0.012645	06.344
20.01	20.00	0.012662	06.448
20.01	20.00	0.012678	06.548
20.01	19.99	0.012695	06.642
20.01	19.99	0.012712	06.747
20.01	19.99	0.012728	06.846
20.01	19.99	0.012745	06.941
20.01	19.99	0.012762	07.045
20.01	19.99	0.012778	07.140
20.01	19.99	0.012795	07.240
20.01	19.99	0.012812	07.344
20.01	19.99	0.012828	07.440
20.01	19.99	0.012845	07.540
20.01	19.99	0.012862	07.643
20.01	19.99	0.012878	07.740
20.01	19.99	0.012895	07.840
20.01	20.00	0.012911	07.942
20.01	20.00	0.012928	08.040
20.01	20.00	0.012945	08.138
19.99	20.00	0.012961	08.241
19.99	20.00	0.012978	08.339
19.99	20.00	0.012995	08.440
19.99	20.00	0.013011	08.539
19.99	20.00	0.013028	08.640
19.99	20.01	0.013045	08.740
19.99	20.01	0.013061	08.839
19.99	20.01	0.013078	08.940
19.99	20.01	0.013095	09.039
19.99	20.01	0.013111	09.139
19.99	20.01	0.013128	09.238
19.99	20.01	0.013145	09.340
19.99	20.01	0.013161	09.439
19.99	20.01	0.013178	09.540
19.99	20.01	0.013195	09.640
19.99	20.01	0.013211	09.739
19.99	20.01	0.013228	09.840
19.99	20.01	0.013245	09.939
20.01	20.00	0.013261	10.040
20.01	20.00	0.013278	10.138
20.01	20.00	0.013295	10.240
20.01	20.00	0.013311	10.340
20.01	20.00	0.013328	10.440
20.01	20.00	0.013345	10.540
20.01	20.00	0.013361	10.639
20.01	19.99	0.013378	10.740
20.01	19.99	0.013395	10.839
20.01	19.99	0.013411	10.940
20.01	19.99	0.013428	11.039
20.01	19.99	0.013445	11.139
20.01	19.99	0.013461	11.239
20.01	19.99	0.013478	11.338
20.01	19.99	0.013495	11.439
20.01	19.99	0.013511	11.538
19.99	19.99	0.013528	11.639
19.99	19.99	0.013545	11.738
19.99	19.99	0.013561	11.839
19.99	19.99	0.013578	11.938
19.99	20.00	0.013595	12.039
19.99	20.00	0.013611	12.139
19.99	20.00	0.013628	12.238
19.99	20.00	0.013645	12.339
19.99	20.00	0.013661	12.438
19.99	20.00	0.013678	12.539
19.99	20.00	0.013695	12.638
19.99	20.00	0.013711	12.739
19.99	20.01	0.013728	12.839
19.99	20.01	0.013744	12.938
19.99	20.01	0.013761	13.040
19.99	20.01	0.013778	13.138
19.99	20.01	0.013794	13.239
20.01	20.01	0.013811	13.339
20.01	20.01	0.013828	13.469
20.01	20.01	0.013844	13.568
20.01	20.01	0.013861	13.663
20.01	20.01	0.013878	13.767
20.01	20.01	0.013894	13.862
20.01	20.01	0.013911	13.962
20.01	20.01	0.013928	14.066
20.01	20.00	0.013944	14.161
20.01	20.00	0.013961	14.260
20.01	20.00	0.013978	14.365
20.01	20.00	0.013994	14.459
20.01	20.00	0.014011	14.559
20.01	20.00	0.014028	14.664
20.01	20.00	0.014044	14.758
20.01	19.99	0.014061	14.859
20.01	19.99	0.014078	14.963
20.01	19.99	0.014094	15.058
20.01	19.99	0.014111	15.157
20.01	19.99	0.014128	15.262
20.01	19.99	0.014144	15.356
20.01	19.99	0.014161	15.456
20.01	19.99	0.014178	15.561
20.01	19.99	0.014194	15.654
19.99	19.99	0.014211	15.755
19.99	19.99	0.014228	15.859
19.99	19.99	0.014244	15.954
19.99	19.99	0.014261	16.053
19.99	20.00	0.014278	16.158
19.99	20.00	0.014294	16.253
19.99	20.00	0.014311	16.354
19.99	20.00	0.014328	16.457
19.99	20.00	0.014344	16.551
19.99	20.00	0.014361	16.654
19.99	20.00	0.014378	16.755
19.99	20.00	0.014394	16.849
19.99	20.01	0.014411	16.954
19.99	20.01	0.014428	17.054
19.99	20.01	0.014444	17.149
19.99	20.01	0.014461	17.253
19.99	20.01	0.014478	17.353
19.99	20.01	0.014494	17.447
19.99	20.01	0.014511	17.552
19.99	20.01	0.014528	17.651
19.99	20.01	0.014544	17.746
19.99	20.01	0.014561	17.851
19.99	20.01	0.014577	17.950
19.99	20.01	0.014594	18.045
19.99	20.01	0.014611	18.149
19.99	20.00	0.014627	18.244
19.99	20.00	0.014644	18.343
19.99	20.00	0.014661	18.448
19.99	20.00	0.014677	18.543
19.99	20.00	0.014694	18.642
19.99	20.00	0.014711	18.747
19.99	20.00	0.014727	18.841
19.99	19.99	0.014744	18.941
19.99	19.99	0.014761	19.045
19.99	19.99	0.014777	19.140
20.01	19.99	0.014794	19.239
20.01	19.99	0.014811	19.344
20.01	19.99	0.014827	19.441
20.01	19.99	0.014844	19.540
20.01	19.99	0.014861	19.643
20.01	19.99	0.014877	19.740
20.01	19.99	0.014894	19.841
20.01	19.99	0.014911	19.941
20.01	19.99	0.014927	20.041
19.99	19.99	0.014944	20.139
19.99	20.00	0.014961	20.241
19.99	20.00	0.014977	20.341
19.99	20.00	0.014994	20.440
19.99	20.00	0.015011	20.541
19.99	20.00	0.015027	20.640
19.99	20.00	0.015044	20.741
19.99	20.00	0.015061	20.840
19.99	20.00	0.015077	20.941
19.99	20.01	0.015094	21.041
19.99	20.01	0.015111	21.142
19.99	20.01	0.015127	21.243
19.99	20.01	0.015144	21.341
19.99	20.01	0.015161	21.442
19.99	20.01	0.015177	21.541
19.99	20.01	0.015194	21.642
19.99	20.01	0.015211	21.741
19.99	20.01	0.015227	21.842
19.99	20.01	0.015244	21.942
19.99	20.01	0.015261	22.042
19.99	20.01	0.015277	22.142
20.01	20.01	0.015294	22.242
20.01	20.00	0.015311	22.343
20.01	20.00	0.015327	22.442
20.01	20.00	0.015344	22.543
20.01	20.00	0.015361	22.642
20.01	20.00	0.015377	22.743
20.01	20.00	0.015394	22.843
20.01	20.00	0.015410	22.942
20.01	19.99	0.015427	23.043
20.01	19.99	0.015444	23.141
20.01	19.99	0.015460	23.243
20.01	19.99	0.015477	23.342
20.01	19.99	0.015494	23.443
20.01	19.99	0.015510	23.543
20.01	19.99	0.015527	23.642
20.01	19.99	0.015544	23.743
20.01	19.99	0.015560	23.842
19.99	19.99	0.015577	23.943
19.99	19.99	0.015594	24.043
19.99	19.99	0.015610	24.144
19.99	19.99	0.015627	24.244
19.99	20.00	0.015644	24.343
19.99	20.00	0.015660	24.444
19.99	20.00	0.015677	24.543
19.99	20.00	0.015694	24.672
19.99	20.00	0.015710	24.766
19.99	20.00	0.015727	24.871
19.99	20.00	0.015744	24.965
19.99	20.00	0.015760	25.065
19.99	20.01	0.015777	25.170
19.99	20.01	0.015794	25.264
19.99	20.01	0.015810	25.365
19.99	20.01	0.015827	25.469
19.99	20.01	0.015844	25.564
19.99	20.01	0.015860	25.663
19.99	20.01	0.015877	25.768
19.99	20.01	0.015894	25.862
19.99	20.01	0.015910	25.962
19.99	20.01	0.015927	26.067
19.99	20.01	0.015944	26.161
19.99	20.01	0.015960	26.261
19.99	20.01	0.015977	26.365
19.99	20.00	0.015994	26.460
19.99	20.00	0.016010	26.559
20.01	20.00	0.016027	26.664
20.01	20.00	0.016044	26.758
20.01	20.00	0.016060	26.858
20.01	20.00	0.016077	26.963
20.01	20.00	0.016094	27.057
20.01	19.99	0.016110	27.158
20.01	19.99	0.016127	27.261
20.01	19.99	0.016144	27.356
20.01	19.99	0.016160	27.457
20.01	19.99	0.016177	27.560
20.01	19.99	0.016194	27.655
20.01	19.99	0.016210	27.757
20.01	19.99	0.016227	27.859
20.01	19.99	0.016244	27.953
20.01	19.99	0.016260	28.058
19.99	19.99	0.016277	28.157
19.99	19.99	0.016293	28.252
19.99	19.99	0.016310	28.357
19.99	20.00	0.016327	28.456
19.99	20.00	0.016343	28.551
19.99	20.00	0.016360	28.655
19.99	20.00	0.016377	28.755
19.99	20.00	0.016393	28.849
19.99	20.00	0.016410	28.954
19.99	20.00	0.016427	29.053
19.99	20.00	0.016443	29.148
19.99	20.01	0.016460	29.253
19.99	20.01	0.016477	29.347
19.99	20.01	0.016493	29.447
19.99	20.01	0.016510	29.551
19.99	20.01	0.016527	29.646
19.99	20.01	0.016543	29.745
19.99	20.01	0.016560	29.850
19.99	20.01	0.016577	29.945
19.99	20.01	0.016593	30.044
19.99	20.01	0.016610	30.149
19.99	20.01	0.016627	30.243
19.99	20.01	0.016643	30.345
19.99	20.01	0.016660	30.447
19.99	20.00	0.016677	30.546
19.99	20.00	0.016693	30.645
20.01	20.00	0.016710	30.747
20.01	20.00	0.016727	30.846
20.01	20.00	0.016743	30.945
20.01	20.00	0.016760	31.046
20.01	20.00	0.016777	31.145
20.01	19.99	0.016793	31.245
20.01	19.99	0.016810	31.345
20.01	19.99	0.016827	31.447
20.01	19.99	0.016843	31.546
20.01	19.99	0.016860	31.647
20.01	19.99	0.016877	31.747
20.01	19.99	0.016893	31.846
20.01	19.99	0.016910	31.947
20.01	19.99	0.016927	32.046
19.99	19.99	0.016943	32.146
19.99	19.99	0.016960	32.245
19.99	19.99	0.016977	32.347
19.99	19.99	0.016993	32.447
19.99	20.00	0.017010	32.547
19.99	20.00	0.017027	32.646
19.99	20.00	0.017043	32.747
19.99	20.00	0.017060	32.846
19.99	20.00	0.017077	32.947
19.99	20.00	0.017093	33.046
19.99	20.00	0.017110	33.146
19.99	20.00	0.017126	33.246
19.99	20.01	0.017143	33.346
19.99	20.01	0.017160	33.447
19.99	20.01	0.017176	33.546
19.99	20.01	0.017193	33.647
19.99	20.01	0.017210	33.746
19.99	20.01	0.017226	33.847
19.99	20.01	0.017243	33.946
19.99	20.01	0.017260	34.047
19.99	20.01	0.017276	34.147
19.99	20.01	0.017293	34.245
19.99	20.01	0.017310	34.347
19.99	20.01	0.017326	34.446
19.99	20.01	0.017343	34.547
20.01	20.00	0.017360	34.646
20.01	20.00	0.017376	34.747
20.01	20.00	0.017393	34.847
20.01	20.00	0.017410	34.947
20.01	20.00	0.017426	35.047
20.01	20.00	0.017443	35.145
20.01	20.00	0.017460	35.246
20.01	19.99	0.017476	35.347
20.01	19.99	0.017493	35.446
20.01	19.99	0.017510	35.547
20.01	19.99	0.017526	35.647
20.01	19.99	0.017543	35.776
20.01	19.99	0.017560	35.870
20.01	19.99	0.017576	35.975
20.01	19.99	0.017593	36.069
20.01	19.99	0.017610	36.169
20.01	19.99	0.017626	36.273
20.01	19.99	0.017643	36.368
19.99	19.99	0.017660	36.467
19.99	19.99	0.017676	36.572
19.99	20.00	0.017693	36.667
19.99	20.00	0.017710	36.766
19.99	20.00	0.017726	36.871
19.99	20.00	0.017743	36.965
19.99	20.00	0.017760	37.065
19.99	20.00	0.017776	37.169
19.99	20.00	0.017793	37.264
19.99	20.00	0.017810	37.363
19.99	20.01	0.017826	37.468
19.99	20.01	0.017843	37.563
19.99	20.01	0.017860	37.662
19.99	20.01	0.017876	37.767
19.99	20.01	0.017893	37.861
19.99	20.01	0.017910	37.961
19.99	20.01	0.017926	38.065
19.99	20.01	0.017943	38.160
19.99	20.01	0.017959	38.261
19.99	20.01	0.017976	38.365
20.01	20.01	0.017993	38.460
20.01	20.01	0.018009	38.560
20.01	20.01	0.018026	38.664
20.01	20.00	0.018043	38.758
20.01	20.00	0.018059	38.861
20.01	20.00	0.018076	38.962
20.01	20.00	0.018093	39.057
20.01	20.00	0.018109	39.161
20.01	20.00	0.018126	39.261
20.01	20.00	0.018143	39.356
20.01	19.99	0.018159	39.460
20.01	19.99	0.018176	39.560
20.01	19.99	0.018193	39.654
20.01	19.99	0.018209	39.759
20.01	19.99	0.018226	39.859
20.01	19.99	0.018243	39.953
20.01	19.99	0.018259	40.058
20.01	19.99	0.018276	40.157
20.01	19.99	0.018293	40.252
20.01	19.99	0.018309	40.356
19.99	19.99	0.018326	40.451
19.99	19.99	0.018343	40.551
19.99	19.99	0.018359	40.655
19.99	20.00	0.018376	40.750
19.99	20.00	0.018393	40.849
19.99	20.00	0.018409	40.954
19.99	20.00	0.018426	41.048
19.99	20.00	0.018443	41.148
19.99	20.00	0.018459	41.252
19.99	20.00	0.018476	41.348
19.99	20.00	0.018493	41.448
19.99	20.01	0.018509	41.551
19.99	20.01	0.018526	41.648
19.99	20.01	0.018543	41.747
19.99	20.01	0.018559	41.850
19.99	20.01	0.018576	41.947
19.99	20.01	0.018593	42.048
19.99	20.01	0.018609	42.148
19.99	20.01	0.018626	42.247
19.99	20.01	0.018643	42.347
19.99	20.01	0.018659	42.447
19.99	20.01	0.018676	42.547
19.99	20.01	0.018693	42.646
19.99	20.01	0.018709	42.747
19.99	20.00	0.018726	42.846
19.99	20.00	0.018743	42.948
20.01	20.00	0.018759	43.048
20.01	20.00	0.018776	43.146
20.01	20.00	0.018792	43.247
20.01	20.00	0.018809	43.347
20.01	20.00	0.018826	43.448
20.01	19.99	0.018842	43.547
20.01	19.99	0.018859	43.648
20.01	19.99	0.018876	43.747
20.01	19.99	0.018892	43.848
20.01	19.99	0.018909	43.948
20.01	19.99	0.018926	44.047
20.01	19.99	0.018942	44.148
20.01	19.99	0.018959	44.246
20.01	19.99	0.018976	44.348
20.01	19.99	0.018992	44.447
20.01	19.99	0.019009	44.548
19.99	19.99	0.019026	44.648
19.99	19.99	0.019042	44.748
19.99	20.00	0.019059	44.848
19.99	20.00	0.019076	44.947
19.99	20.00	0.019092	45.048
19.99	20.00	0.019109	45.146
19.99	20.00	0.019126	45.248
19.99	20.00	0.019142	45.347
19.99	20.00	0.019159	45.448
19.99	20.00	0.019176	45.548
19.99	20.01	0.019192	45.648
19.99	20.01	0.019209	45.747
19.99	20.01	0.019226	45.848
19.99	20.01	0.019242	45.947
19.99	20.01	0.019259	46.048
19.99	20.01	0.019276	46.146
19.99	20.01	0.019292	46.247
19.99	20.01	0.019309	46.347
19.99	20.01	0.019326	46.448
19.99	20.01	0.019342	46.547
19.99	20.01	0.019359	46.648
19.99	20.01	0.019376	46.747
19.99	20.01	0.019392	46.848
19.99	20.00	0.019409	46.947
19.99	20.00	0.019426	47.048
19.99	20.00	0.019442	47.147
19.99	20.00	0.019459	47.246
19.99	20.00	0.019476	47.348
19.99	20.00	0.019492	47.472
19.99	20.00	0.019509	47.572
19.99	19.99	0.019526	47.676
20.01	19.99	0.019542	47.771
20.01	19.99	0.019559	47.870
20.01	19.99	0.019576	47.975
20.01	19.99	0.019592	48.069
20.01	19.99	0.019609	48.169
20.01	19.99	0.019625	48.274
20.01	19.99	0.019642	48.368
20.01	19.99	0.019659	48.468
20.01	19.99	0.019675	48.572
20.01	19.99	0.019692	48.667
20.01	19.99	0.019709	48.766
19.99	19.99	0.019725	48.871
19.99	20.00	0.019742	48.966
19.99	20.00	0.019759	49.065
19.99	20.00	0.019775	49.170
19.99	20.00	0.019792	49.264
19.99	20.00	0.019809	49.364
19.99	20.00	0.019825	49.468
19.99	20.00	0.019842	49.563
19.99	20.00	0.019859	49.664
19.99	20.01	0.019875	49.767
19.99	20.01	0.019892	49.862
19.99	20.01	0.019909	49.964
19.99	20.01	0.019925	50.066
19.99	20.01	0.019942	50.160
20.01	20.01	0.019959	50.264
20.01	20.01	0.019975	50.364
20.01	20.01	0.019992	50.459
20.01	20.01	0.020009	50.564
20.01	20.01	0.020025	50.663
20.01	20.01	0.020042	50.758
20.01	20.01	0.020059	50.862
20.01	20.01	0.020075	50.962
20.01	20.00	0.020092	51.056
20.01	20.00	0.020109	51.161
20.01	20.00	0.020125	51.260
20.01	20.00	0.020142	51.355
20.01	20.00	0.020159	51.460
20.01	20.00	0.020175	51.554
20.01	20.00	0.020192	51.654
20.01	19.99	0.020209	51.759
20.01	19.99	0.020225	51.854
20.01	19.99	0.020242	51.952
20.01	19.99	0.020259	52.058
20.01	19.99	0.020275	52.152
20.01	19.99	0.020292	52.251
20.01	19.99	0.020309	52.356
20.01	19.99	0.020325	52.451
19.99	19.99	0.020342	52.550
19.99	19.99	0.020359	52.655
19.99	19.99	0.020375	52.749
19.99	19.99	0.020392	52.849
19.99	19.99	0.020409	52.954
19.99	20.00	0.020425	53.048
19.99	20.00	0.020442	53.148
19.99	20.00	0.020458	53.252
19.99	20.00	0.020475	53.347
19.99	20.00	0.020492	53.448
19.99	20.00	0.020508	53.551
19.99	20.00	0.020525	53.648
19.99	20.00	0.020542	53.748
19.99	20.01	0.020558	53.850
19.99	20.01	0.020575	53.948
19.99	20.01	0.020592	54.047
19.99	20.01	0.020608	54.149
19.99	20.01	0.020625	54.246
19.99	20.01	0.020642	54.347
19.99	20.01	0.020658	54.447
19.99	20.01	0.020675	54.548
19.99	20.01	0.020692	54.648
19.99	20.01	0.020708	54.747
19.99	20.01	0.020725	54.848
19.99	20.01	0.020742	54.947
19.99	20.01	0.020758	55.048
19.99	20.00	0.020775	55.147
19.99	20.00	0.020792	55.247
19.99	20.00	0.020808	55.347
19.99	20.00	0.020825	55.449
19.99	20.00	0.020842	55.549
19.99	20.00	0.020858	55.649
19.99	20.00	0.020875	55.750
20.01	19.99	0.020892	55.849
20.01	19.99	0.020908	55.950
20.01	19.99	0.020925	56.049
20.01	19.99	0.020942	56.150
20.01	19.99	0.020958	56.249
20.01	19.99	0.020975	56.348
20.01	19.99	0.020992	56.450
20.01	19.99	0.021008	56.549
20.01	19.99	0.021025	56.650
20.01	19.99	0.021042	56.749
20.01	19.99	0.021058	56.850
20.01	19.99	0.021075	56.949
20.01	19.99	0.021092	57.050
19.99	20.00	0.021108	57.149
19.99	20.00	0.021125	57.249
19.99	20.00	0.021142	57.349
19.99	20.00	0.021158	57.449
19.99	20.00	0.021175	57.550
19.99	20.00	0.021192	57.649
19.99	20.00	0.021208	57.750
19.99	20.00	0.021225	57.850
19.99	20.01	0.021242	57.949
19.99	20.01	0.021258	58.050
19.99	20.01	0.021275	58.148
19.99	20.01	0.021291	58.249
19.99	20.01	0.021308	58.349
19.99	20.01	0.021325	58.449
19.99	20.01	0.021341	58.549
19.99	20.01	0.021358	58.650
19.99	20.01	0.021375	58.750
20.01	20.01	0.021391	58.849
20.01	20.01	0.021408	58.974
20.01	20.01	0.021425	59.078
20.01	20.01	0.021441	59.173
20.01	20.00	0.021458	59.272
20.01	20.00	0.021475	59.377
20.01	20.00	0.021491	59.471
20.01	20.00	0.021508	59.571
20.01	20.00	0.021525	59.676
20.01	20.00	0.021541	59.770
20.01	20.00	0.021558	59.870
20.01	19.99	0.021575	59.974
20.01	19.99	0.021591	00.069
20.01	19.99	0.021608	00.168
20.01	19.99	0.021625	00.273
20.01	19.99	0.021641	00.368
20.01	19.99	0.021658	00.467
20.01	19.99	0.021675	00.572
20.01	19.99	0.021691	00.666
19.99	19.99	0.021708	00.768
19.99	19.99	0.021725	00.870
19.99	19.99	0.021741	00.965
19.99	19.99	0.021758	01.067
19.99	19.99	0.021775	01.169
19.99	20.00	0.021791	01.264
19.99	20.00	0.021808	01.367
19.99	20.00	0.021825	01.468
19.99	20.00	0.021841	01.562
19.99	20.00	0.021858	01.667
19.99	20.00	0.021875	01.766
19.99	20.00	0.021891	01.861
19.99	20.00	0.021908	01.966
19.99	20.01	0.021925	02.066
19.99	20.01	0.021941	02.160
19.99	20.01	0.021958	02.265
19.99	20.01	0.021975	02.365
19.99	20.01	0.021991	02.458
19.99	20.01	0.022008	02.564
19.99	20.01	0.022025	02.658
19.99	20.01	0.022041	02.758
19.99	20.01	0.022058	02.863
19.99	20.01	0.022075	02.957
19.99	20.01	0.022091	03.057
19.99	20.01	0.022108	03.161
19.99	20.01	0.022124	03.256
19.99	20.00	0.022141	03.355
19.99	20.00	0.022158	03.460
20.01	20.00	0.022174	03.555
20.01	20.00	0.022191	03.654
20.01	20.00	0.022208	03.759
20.01	20.00	0.022224	03.853
20.01	20.00	0.022241	03.953
20.01	19.99	0.022258	04.057
20.01	19.99	0.022274	04.152
20.01	19.99	0.022291	04.251
20.01	19.99	0.022308	04.356
20.01	19.99	0.022324	04.451
20.01	19.99	0.022341	04.550
20.01	19.99	0.022358	04.655
20.01	19.99	0.022374	04.750
20.01	19.99	0.022391	04.851
20.01	19.99	0.022408	04.953
20.01	19.99	0.022424	05.051
20.01	19.99	0.022441	05.151
20.01	19.99	0.022458	05.252
19.99	20.00	0.022474	05.351
19.99	20.00	0.022491	05.450
19.99	20.00	0.022508	05.552
19.99	20.00	0.022524	05.651
19.99	20.00	0.022541	05.752
19.99	20.00	0.022558	05.851
19.99	20.00	0.022574	05.952
19.99	20.00	0.022591	06.052
19.99	20.01	0.022608	06.151
19.99	20.01	0.022624	06.251
19.99	20.01	0.022641	06.351
19.99	20.01	0.022658	06.452
19.99	20.01	0.022674	06.552
19.99	20.01	0.022691	06.653
19.99	20.01	0.022708	06.753
19.99	20.01	0.022724	06.853
19.99	20.01	0.022741	06.953
19.99	20.01	0.022758	07.055
19.99	20.01	0.022774	07.153
19.99	20.01	0.022791	07.254
20.01	20.01	0.022808	07.353
20.01	20.00	0.022824	07.455
20.01	20.00	0.022841	07.554
20.01	20.00	0.022858	07.655
20.01	20.00	0.022874	07.754
20.01	20.00	0.022891	07.854
20.01	20.00	0.022908	07.955
20.01	20.00	0.022924	08.054
20.01	19.99	0.022941	08.154
20.01	19.99	0.022957	08.253
20.01	19.99	0.022974	08.355
20.01	19.99	0.022991	08.454
20.01	19.99	0.023007	08.555
20.01	19.99	0.023024	08.656
20.01	19.99	0.023041	08.755
20.01	19.99	0.023057	08.856
20.01	19.99	0.023074	08.955
20.01	19.99	0.023091	09.056
19.99	19.99	0.023107	09.154
19.99	19.99	0.023124	09.255
19.99	19.99	0.023141	09.356
19.99	20.00	0.023157	09.455
19.99	20.00	0.023174	09.585
19.99	20.00	0.023191	09.679
19.99	20.00	0.023207	09.779
19.99	20.00	0.023224	09.883
19.99	20.00	0.023241	09.978
19.99	20.00	0.023257	10.077
19.99	20.00	0.023274	10.182
19.99	20.01	0.023291	10.277
19.99	20.01	0.023307	10.376
19.99	20.01	0.023324	10.481
19.99	20.01	0.023341	10.575
19.99	20.01	0.023357	10.675
19.99	20.01	0.023374	10.779
19.99	20.01	0.023391	10.874
19.99	20.01	0.023407	10.973
19.99	20.01	0.023424	11.078
19.99	20.01	0.023441	11.173
19.99	20.01	0.023457	11.272
19.99	20.01	0.023474	11.377
19.99	20.01	0.023491	11.471
19.99	20.00	0.023507	11.571
19.99	20.00	0.023524	11.675
20.01	20.00	0.023541	11.770
20.01	20.00	0.023557	11.871
20.01	20.00	0.023574	11.975
20.01	20.00	0.023591	12.069
20.01	20.00	0.023607	12.171
20.01	19.99	0.023624	12.273
20.01	19.99	0.023641	12.368
20.01	19.99	0.023657	12.470
20.01	19.99	0.023674	12.572
20.01	19.99	0.023691	12.667
20.01	19.99	0.023707	12.771
20.01	19.99	0.023724	12.870
20.01	19.99	0.023741	12.965
20.01	19.99	0.023757	13.069
19.99	19.99	0.023774	13.169
19.99	19.99	0.023790	13.263
19.99	19.99	0.023807	13.368
19.99	19.99	0.023824	13.468
19.99	20.00	0.023840	13.562
19.99	20.00	0.023857	13.667
19.99	20.00	0.023874	13.761
19.99	20.00	0.023890	13.861
19.99	20.00	0.023907	13.965
19.99	20.00	0.023924	14.060
19.99	20.00	0.023940	14.160
19.99	20.00	0.023957	14.264
19.99	20.01	0.023974	14.360
19.99	20.01	0.023990	14.459
19.99	20.01	0.024007	14.563
19.99	20.01	0.024024	14.659
19.99	20.01	0.024040	14.760
19.99	20.01	0.024057	14.861
19.99	20.01	0.024074	14.960
19.99	20.01	0.024090	15.060
19.99	20.01	0.024107	15.160
19.99	20.01	0.024124	15.260
19.99	20.01	0.024140	15.358
19.99	20.01	0.024157	15.460
20.01	20.01	0.024174	15.559
20.01	20.00	0.024190	15.660
20.01	20.00	0.024207	15.759
20.01	20.00	0.024224	15.860
20.01	20.00	0.024240	15.960
20.01	20.00	0.024257	16.059
20.01	20.00	0.024274	16.159
20.01	20.00	0.024290	16.259
20.01	19.99	0.024307	16.359
20.01	19.99	0.024324	16.458
20.01	19.99	0.024340	16.560
20.01	19.99	0.024357	16.659
20.01	19.99	0.024374	16.760
20.01	19.99	0.024390	16.860
20.01	19.99	0.024407	16.959
20.01	19.99	0.024424	17.060
20.01	19.99	0.024440	17.159
20.01	19.99	0.024457	17.259
20.01	19.99	0.024474	17.358
20.01	19.99	0.024490	17.460
20.01	19.99	0.024507	17.560
19.99	20.00	0.024524	17.659
19.99	20.00	0.024540	17.760
19.99	20.00	0.024557	17.859
19.99	20.00	0.024574	17.960
19.99	20.00	0.024590	18.059
19.99	20.00	0.024607	18.160
19.99	20.00	0.024623	18.259
19.99	20.00	0.024640	18.360
19.99	20.01	0.024657	18.460
19.99	20.01	0.024673	18.559
19.99	20.01	0.024690	18.660
19.99	20.01	0.024707	18.759
19.99	20.01	0.024723	18.860
19.99	20.01	0.024740	18.959
19.99	20.01	0.024757	19.060
19.99	20.01	0.024773	19.160
19.99	20.01	0.024790	19.259
19.99	20.01	0.024807	19.359
20.01	20.01	0.024823	19.458
20.01	20.01	0.024840	19.560
20.01	20.01	0.024857	19.659
20.01	20.00	0.024873	19.760
20.01	20.00	0.024890	19.859
20.01	20.00	0.024907	19.960
20.01	20.00	0.024923	20.060
20.01	20.00	0.024940	20.159
20.01	20.00	0.024957	20.259
20.01	20.00	0.024973	20.358
20.01	19.99	0.024990	20.489
20.01	19.99	0.025007	20.583
20.01	19.99	0.025023	20.688
20.01	19.99	0.025040	20.782
20.01	19.99	0.025057	20.882
20.01	19.99	0.025073	20.986
20.01	19.99	0.025090	21.081
20.01	19.99	0.025107	21.181
20.01	19.99	0.025123	21.285
20.01	19.99	0.025140	21.380
19.99	19.99	0.025157	21.479
19.99	19.99	0.025173	21.584
19.99	19.99	0.025190	21.678
19.99	20.00	0.025207	21.778
19.99	20.00	0.025223	21.883
19.99	20.00	0.025240	21.977
19.99	20.00	0.025257	22.077
19.99	20.00	0.025273	22.181
19.99	20.00	0.025290	22.276
19.99	20.00	0.025307	22.375
19.99	20.00	0.025323	22.480
19.99	20.01	0.025340	22.574
19.99	20.01	0.025357	22.674
19.99	20.01	0.025373	22.779
19.99	20.01	0.025390	22.873
19.99	20.01	0.025407	22.974
19.99	20.01	0.025423	23.077
19.99	20.01	0.025440	23.172
19.99	20.01	0.025456	23.273
19.99	20.01	0.025473	23.376
19.99	20.01	0.025490	23.471
19.99	20.01	0.025506	23.574
19.99	20.01	0.025523	23.675
19.99	20.01	0.025540	23.770
19.99	20.00	0.025556	23.874
19.99	20.00	0.025573	23.974
19.99	20.00	0.025590	24.069
19.99	20.00	0.025606	24.173
19.99	20.00	0.025623	24.273
20.01	20.00	0.025640	24.367
20.01	20.00	0.025656	24.472
20.01	19.99	0.025673	24.571
20.01	19.99	0.025690	24.666
20.01	19.99	0.025706	24.770
20.01	19.99	0.025723	24.870
20.01	19.99	0.025740	24.965
20.01	19.99	0.025756	25.069
20.01	19.99	0.025773	25.164
20.01	19.99	0.025790	25.263
20.01	19.99	0.025806	25.368
20.01	19.99	0.025823	25.462
20.01	19.99	0.025840	25.562
19.99	19.99	0.025856	25.666
19.99	19.99	0.025873	25.761
19.99	20.00	0.025890	25.861
19.99	20.00	0.025906	25.965
19.99	20.00	0.025923	26.061
19.99	20.00	0.025940	26.160
19.99	20.00	0.025956	26.264
19.99	20.00	0.025973	26.360
19.99	20.00	0.025990	26.460
19.99	20.00	0.026006	26.563
19.99	20.01	0.026023	26.661
19.99	20.01	0.026040	26.761
19.99	20.01	0.026056	26.861
19.99	20.01	0.026073	26.961
19.99	20.01	0.026090	27.060
19.99	20.01	0.026106	27.160
19.99	20.01	0.026123	27.259
19.99	20.01	0.026140	27.361
19.99	20.01	0.026156	27.460
19.99	20.01	0.026173	27.560
19.99	20.01	0.026190	27.661
20.01	20.01	0.026206	27.760
20.01	20.01	0.026223	27.861
20.01	20.00	0.026240	27.960
20.01	20.00	0.026256	28.061
20.01	20.00	0.026273	28.161
20.01	20.00	0.026289	28.261
20.01	20.00	0.026306	28.361
20.01	20.00	0.026323	28.459
20.01	20.00	0.026339	28.561
20.01	19.99	0.026356	28.660
20.01	19.99	0.026373	28.761
20.01	19.99	0.026389	28.860
20.01	19.99	0.026406	28.961
20.01	19.99	0.026423	29.061
20.01	19.99	0.026439	29.160
20.01	19.99	0.026456	29.260
20.01	19.99	0.026473	29.360
20.01	19.99	0.026489	29.460
20.01	19.99	0.026506	29.560
20.01	19.99	0.026523	29.661
20.01	19.99	0.026539	29.761
20.01	19.99	0.026556	29.860
20.01	20.00	0.026573	29.961
20.01	20.00	0.026589	30.060
20.01	20.00	0.026606	30.161
19.99	20.00	0.026623	30.259
19.99	20.00	0.026639	30.361
19.99	20.00	0.026656	30.460
19.99	20.00	0.026673	30.561
19.99	20.00	0.026689	30.661
19.99	20.01	0.026706	30.760
19.99	20.01	0.026723	30.861
19.99	20.01	0.026739	30.960
19.99	20.01	0.026756	31.061
19.99	20.01	0.026773	31.160
19.99	20.01	0.026789	31.260
19.99	20.01	0.026806	31.361
19.99	20.01	0.026823	31.460
19.99	20.01	0.026839	31.560
19.99	20.01	0.026856	31.661
20.01	20.01	0.026873	31.760
20.01	20.01	0.026889	31.861
20.01	20.01	0.026906	31.960
20.01	20.00	0.026923	32.090
20.01	20.00	0.026939	32.160
20.01	20.00	0.026956	32.284
20.01	20.00	0.026973	32.389
20.01	20.00	0.026989	32.483
20.01	20.00	0.027006	32.583
20.01	20.00	0.027023	32.688
20.01	19.99	0.027039	32.783
20.01	19.99	0.027056	32.881
20.01	19.99	0.027073	32.987
20.01	19.99	0.027089	33.081
20.01	19.99	0.027106	33.181
20.01	19.99	0.027122	33.286
19.99	19.99	0.027139	33.379
19.99	19.99	0.027156	33.479
19.99	19.99	0.027172	33.584
19.99	19.99	0.027189	33.678
19.99	19.99	0.027206	33.777
19.99	19.99	0.027222	33.883
19.99	19.99	0.027239	33.978
19.99	20.00	0.027256	34.077
19.99	20.00	0.027272	34.182
19.99	20.00	0.027289	34.276
19.99	20.00	0.027306	34.377
19.99	20.00	0.027322	34.480
19.99	20.00	0.027339	34.575
19.99	20.00	0.027356	34.677
19.99	20.00	0.027372	34.779
19.99	20.01	0.027389	34.874
19.99	20.01	0.027406	34.977
19.99	20.01	0.027422	35.078
19.99	20.01	0.027439	35.172
19.99	20.01	0.027456	35.277
19.99	20.01	0.027472	35.376
19.99	20.01	0.027489	35.471
19.99	20.01	0.027506	35.576
19.99	20.01	0.027522	35.675
19.99	20.01	0.027539	35.770
19.99	20.01	0.027556	35.874
19.99	20.01	0.027572	35.974
19.99	20.01	0.027589	36.068
20.01	20.00	0.027606	36.173
20.01	20.00	0.027622	36.267
20.01	20.00	0.027639	36.367
20.01	20.00	0.027656	36.472
20.01	20.00	0.027672	36.566
20.01	20.00	0.027689	36.666
20.01	20.00	0.027706	36.770
20.01	19.99	0.027722	36.865
20.01	19.99	0.027739	36.964
20.01	19.99	0.027756	37.069
20.01	19.99	0.027772	37.164
20.01	19.99	0.027789	37.263
20.01	19.99	0.027806	37.368
20.01	19.99	0.027822	37.462
20.01	19.99	0.027839	37.562
20.01	19.99	0.027856	37.667
20.01	19.99	0.027872	37.761
20.01	19.99	0.027889	37.862
20.01	19.99	0.027906	37.966
20.01	19.99	0.027922	38.061
20.01	20.00	0.027939	38.162
19.99	20.00	0.027955	38.264
19.99	20.00	0.027972	38.362
19.99	20.00	0.027989	38.460
19.99	20.00	0.028005	38.563
19.99	20.00	0.028022	38.661
19.99	20.00	0.028039	38.762
19.99	20.00	0.028055	38.862
19.99	20.01	0.028072	38.961
19.99	20.01	0.028089	39.062
19.99	20.01	0.028105	39.161
19.99	20.01	0.028122	39.261
19.99	20.01	0.028139	39.361
19.99	20.01	0.028155	39.461
19.99	20.01	0.028172	39.563
19.99	20.01	0.028189	39.663
19.99	20.01	0.028205	39.763
19.99	20.01	0.028222	39.862
19.99	20.01	0.028239	39.963
19.99	20.01	0.028255	40.062
19.99	20.01	0.028272	40.163
19.99	20.00	0.028289	40.261
19.99	20.00	0.028305	40.362
20.01	20.00	0.028322	40.462
20.01	20.00	0.028339	40.562
20.01	20.00	0.028355	40.663
20.01	20.00	0.028372	40.762
20.01	20.00	0.028389	40.863
20.01	19.99	0.028405	40.962
20.01	19.99	0.028422	41.063
20.01	19.99	0.028439	41.161
20.01	19.99	0.028455	41.262
20.01	19.99	0.028472	41.363
20.01	19.99	0.028489	41.461
20.01	19.99	0.028505	41.563
20.01	19.99	0.028522	41.662
20.01	19.99	0.028539	41.763
20.01	19.99	0.028555	41.862
19.99	19.99	0.028572	41.964
19.99	19.99	0.028589	42.063
19.99	19.99	0.028605	42.164
19.99	20.00	0.028622	42.263
19.99	20.00	0.028639	42.363
19.99	20.00	0.028655	42.463
19.99	20.00	0.028672	42.563
19.99	20.00	0.028689	42.664
19.99	20.00	0.028705	42.763
19.99	20.00	0.028722	42.864
19.99	20.00	0.028739	42.964
19.99	20.01	0.028755	43.063
19.99	20.01	0.028772	43.164
19.99	20.01	0.028788	43.262
19.99	20.01	0.028805	43.363
19.99	20.01	0.028822	43.462
19.99	20.01	0.028838	43.587
19.99	20.01	0.028855	43.686
19.99	20.01	0.028872	43.791
19.99	20.01	0.028888	43.886
19.99	20.01	0.028905	43.985
19.99	20.01	0.028922	44.090
19.99	20.01	0.028938	44.184
20.01	20.01	0.028955	44.284
20.01	20.00	0.028972	44.389
20.01	20.00	0.028988	44.483
20.01	20.00	0.029005	44.582
20.01	20.00	0.029022	44.687
20.01	20.00	0.029038	44.782
20.01	20.00	0.029055	44.882
20.01	20.00	0.029072	44.987
20.01	19.99	0.029088	45.081
20.01	19.99	0.029105	45.181
20.01	19.99	0.029122	45.285
20.01	19.99	0.029138	45.380
20.01	19.99	0.029155	45.480
20.01	19.99	0.029172	45.584
20.01	19.99	0.029188	45.679
20.01	19.99	0.029205	45.781
20.01	19.99	0.029222	45.883
20.01	19.99	0.029238	45.977
20.01	19.99	0.029255	46.081
20.01	19.99	0.029272	46.181
20.01	19.99	0.029288	46.276
19.99	20.00	0.029305	46.381
19.99	20.00	0.029322	46.480
19.99	20.00	0.029338	46.575
19.99	20.00	0.029355	46.679
19.99	20.00	0.029372	46.779
19.99	20.00	0.029388	46.873
19.99	20.00	0.029405	46.978
19.99	20.00	0.029422	47.077
19.99	20.01	0.029438	47.172
19.99	20.01	0.029455	47.277
19.99	20.01	0.029472	47.371
19.99	20.01	0.029488	47.471
19.99	20.01	0.029505	47.575
19.99	20.01	0.029522	47.669
19.99	20.01	0.029538	47.769
19.99	20.01	0.029555	47.873
19.99	20.01	0.029572	47.968
19.99	20.01	0.029588	48.068
19.99	20.01	0.029605	48.172
19.99	20.01	0.029621	48.267
19.99	20.01	0.029638	48.366
19.99	20.00	0.029655	48.472
20.01	20.00	0.029671	48.566
20.01	20.00	0.029688	48.667
20.01	20.00	0.029705	48.771
20.01	20.00	0.029721	48.866
20.01	20.00	0.029738	48.967
20.01	20.00	0.029755	49.069
20.01	19.99	0.029771	49.167
20.01	19.99	0.029788	49.265
20.01	19.99	0.029805	49.368
20.01	19.99	0.029821	49.466
20.01	19.99	0.029838	49.568
20.01	19.99	0.029855	49.668
20.01	19.99	0.029871	49.767
20.01	19.99	0.029888	49.868
20.01	19.99	0.029905	49.967
20.01	19.99	0.029921	50.068
20.01	19.99	0.029938	50.166
20.01	19.99	0.029955	50.268
20.01	19.99	0.029971	50.368
19.99	20.00	0.029988	50.467
19.99	20.00	0.030005	50.568
19.99	20.00	0.030021	50.667
19.99	20.00	0.030038	50.768
19.99	20.00	0.030055	50.867
19.99	20.00	0.030071	50.968
19.99	20.00	0.030088	51.067
19.99	20.00	0.030105	51.167
19.99	20.01	0.030121	51.267
19.99	20.01	0.030138	51.366
19.99	20.01	0.030155	51.468
19.99	20.01	0.030171	51.567
19.99	20.01	0.030188	51.668
19.99	20.01	0.030205	51.767
19.99	20.01	0.030221	51.868
19.99	20.01	0.030238	51.968
19.99	20.01	0.030255	52.068
19.99	20.01	0.030271	52.167
19.99	20.01	0.030288	52.267
19.99	20.01	0.030305	52.367
20.01	20.01	0.030321	52.467
20.01	20.00	0.030338	52.568
20.01	20.00	0.030355	52.667
20.01	20.00	0.030371	52.768
20.01	20.00	0.030388	52.868
20.01	20.00	0.030405	52.967
20.01	20.00	0.030421	53.068
20.01	20.00	0.030438	53.167
20.01	19.99	0.030454	53.268
20.01	19.99	0.030471	53.366
20.01	19.99	0.030488	53.468
20.01	19.99	0.030504	53.567
20.01	19.99	0.030521	53.668
20.01	19.99	0.030538	53.768
20.01	19.99	0.030554	53.867
20.01	19.99	0.030571	53.968
20.01	19.99	0.030588	54.067
20.01	19.99	0.030604	54.167
20.01	19.99	0.030621	54.267
20.01	19.99	0.030638	54.392
19.99	19.99	0.030654	54.491
19.99	20.00	0.030671	54.596
19.99	20.00	0.030688	54.690
19.99	20.00	0.030704	54.791
19.99	20.00	0.030721	54.895
19.99	20.00	0.030738	54.989
19.99	20.00	0.030754	55.089
19.99	20.00	0.030771	55.193
19.99	20.00	0.030788	55.288
19.99	20.01	0.030804	55.388
19.99	20.01	0.030821	55.492
19.99	20.01	0.030838	55.587
19.99	20.01	0.030854	55.686
19.99	20.01	0.030871	55.791
19.99	20.01	0.030888	55.885
19.99	20.01	0.030904	55.985
19.99	20.01	0.030921	56.089
19.99	20.01	0.030938	56.184
19.99	20.01	0.030954	56.284
19.99	20.01	0.030971	56.388
19.99	20.01	0.030988	56.483
20.01	20.01	0.031004	56.584
20.01	20.00	0.031021	56.688
20.01	20.00	0.031038	56.781
20.01	20.00	0.031054	56.884
20.01	20.00	0.031071	56.986
20.01	20.00	0.031088	57.081
20.01	20.00	0.031104	57.185
20.01	20.00	0.031121	57.285
20.01	19.99	0.031138	57.380
20.01	19.99	0.031154	57.484
20.01	19.99	0.031171	57.584
20.01	19.99	0.031188	57.678
20.01	19.99	0.031204	57.783
20.01	19.99	0.031221	57.883
20.01	19.99	0.031238	57.977
20.01	19.99	0.031254	58.082
20.01	19.99	0.031271	58.181
20.01	19.99	0.031287	58.276
20.01	19.99	0.031304	58.380
19.99	19.99	0.031321	58.475
19.99	19.99	0.031337	58.574
19.99	20.00	0.031354	58.679
19.99	20.00	0.031371	58.774
19.99	20.00	0.031387	58.873
19.99	20.00	0.031404	58.978
19.99	20.00	0.031421	59.072
19.99	20.00	0.031437	59.172
19.99	20.00	0.031454	59.276
19.99	20.00	0.031471	59.371
19.99	20.01	0.031487	59.471
19.99	20.01	0.031504	59.575
20.01	20.01	0.031521	59.670
20.01	20.01	0.031537	59.769
20.01	20.01	0.031554	59.874
20.01	20.01	0.031571	59.969
20.01	20.01	0.031587	00.070
20.01	20.01	0.031604	00.172
20.01	20.01	0.031621	00.269
20.01	20.01	0.031637	00.370
20.01	20.01	0.031654	00.471
20.01	20.01	0.031671	00.570
20.01	20.01	0.031687	00.669
20.01	20.00	0.031704	00.770
20.01	20.00	0.031721	00.869
20.01	20.00	0.031737	00.971
20.01	20.00	0.031754	01.071
20.01	20.00	0.031771	01.171
20.01	20.00	0.031787	01.272
20.01	20.00	0.031804	01.371
20.01	19.99	0.031821	01.472
20.01	19.99	0.031837	01.571
20.01	19.99	0.031854	01.672
20.01	19.99	0.031871	01.771
20.01	19.99	0.031887	01.872
20.01	19.99	0.031904	01.972
19.99	19.99	0.031921	02.071
19.99	19.99	0.031937	02.172
19.99	19.99	0.031954	02.272
19.99	19.99	0.031971	02.372
19.99	19.99	0.031987	02.471
19.99	19.99	0.032004	02.573
19.99	19.99	0.032021	02.672
19.99	20.00	0.032037	02.773
19.99	20.00	0.032054	02.873
19.99	20.00	0.032071	02.972
19.99	20.00	0.032087	03.073
19.99	20.00	0.032104	03.171
19.99	20.00	0.032120	03.273
19.99	20.00	0.032137	03.373
19.99	20.00	0.032154	03.474
19.99	20.01	0.032170	03.574
19.99	20.01	0.032187	03.673
19.99	20.01	0.032204	03.774
19.99	20.01	0.032220	03.873
19.99	20.01	0.032237	03.974
19.99	20.01	0.032254	04.073
19.99	20.01	0.032270	04.174
19.99	20.01	0.032287	04.272
19.99	20.01	0.032304	04.373
19.99	20.01	0.032320	04.473
19.99	20.01	0.032337	04.573
19.99	20.01	0.032354	04.674
19.99	20.01	0.032370	04.773
19.99	20.00	0.032387	04.873
20.01	20.00	0.032404	04.972
20.01	20.00	0.032420	05.102
20.01	20.00	0.032437	05.196
20.01	20.00	0.032454	05.296
20.01	20.00	0.032470	05.400
20.01	20.00	0.032487	05.495
20.01	19.99	0.032504	05.595
20.01	19.99	0.032520	05.700
20.01	19.99	0.032537	05.794
20.01	19.99	0.032554	05.894
20.01	19.99	0.032570	05.998
20.01	19.99	0.032587	06.093
20.01	19.99	0.032604	06.193
20.01	19.99	0.032620	06.297
20.01	19.99	0.032637	06.392
20.01	19.99	0.032654	06.492
19.99	19.99	0.032670	06.596
19.99	19.99	0.032687	06.690
19.99	19.99	0.032704	06.789
19.99	20.00	0.032720	06.895
19.99	20.00	0.032737	06.989
19.99	20.00	0.032754	07.089
19.99	20.00	0.032770	07.193
19.99	20.00	0.032787	07.288
19.99	20.00	0.032804	07.387
19.99	20.00	0.032820	07.492
19.99	20.00	0.032837	07.586
19.99	20.01	0.032854	07.687
19.99	20.01	0.032870	07.791
19.99	20.01	0.032887	07.885
19.99	20.01	0.032904	07.988
19.99	20.01	0.032920	08.089
19.99	20.01	0.032937	08.184
19.99	20.01	0.032953	08.287
19.99	20.01	0.032970	08.388
19.99	20.01	0.032987	08.483
19.99	20.01	0.033003	08.587
19.99	20.01	0.033020	08.687
19.99	20.01	0.033037	08.781
19.99	20.01	0.033053	08.886
20.01	20.00	0.033070	08.986
20.01	20.00	0.033087	09.080
20.01	20.00	0.033103	09.184
20.01	20.00	0.033120	09.285
20.01	20.00	0.033137	09.380
20.01	20.00	0.033153	09.483
20.01	20.00	0.033170	09.583
20.01	19.99	0.033187	09.678
20.01	19.99	0.033203	09.783
20.01	19.99	0.033220	09.877
20.01	19.99	0.033237	09.977
20.01	19.99	0.033253	10.082
20.01	19.99	0.033270	10.176
20.01	19.99	0.033287	10.276
20.01	19.99	0.033303	10.380
20.01	19.99	0.033320	10.475
20.01	19.99	0.033337	10.574
20.01	19.99	0.033353	10.679
20.01	19.99	0.033370	10.773
20.01	19.99	0.033387	10.874
20.01	20.00	0.033403	10.978
19.99	20.00	0.033420	11.073
19.99	20.00	0.033437	11.173
19.99	20.00	0.033453	11.276
19.99	20.00	0.033470	11.373
19.99	20.00	0.033487	11.472
19.99	20.00	0.033503	11.575
19.99	20.00	0.033520	11.674
19.99	20.01	0.033537	11.773
19.99	20.01	0.033553	11.874
19.99	20.01	0.033570	11.973
19.99	20.01	0.033587	12.074
19.99	20.01	0.033603	12.173
19.99	20.01	0.033620	12.274
19.99	20.01	0.033637	12.372
19.99	20.01	0.033653	12.474
19.99	20.01	0.033670	12.574
19.99	20.01	0.033687	12.673
20.01	20.01	0.033703	12.773
20.01	20.01	0.033720	12.874
20.01	20.01	0.033737	12.973
20.01	20.00	0.033753	13.074
20.01	20.00	0.033770	13.172
20.01	20.00	0.033786	13.274
20.01	20.00	0.033803	13.372
20.01	20.00	0.033820	13.473
20.01	20.00	0.033836	13.574
20.01	20.00	0.033853	13.673
20.01	19.99	0.033870	13.774
20.01	19.99	0.033886	13.873
20.01	19.99	0.033903	13.974
20.01	19.99	0.033920	14.074
20.01	19.99	0.033936	14.173
20.01	19.99	0.033953	14.272
20.01	19.99	0.033970	14.373
20.01	19.99	0.033986	14.472
20.01	19.99	0.034003	14.574
20.01	19.99	0.034020	14.673
20.01	19.99	0.034036	14.774
20.01	19.99	0.034053	14.874
20.01	19.99	0.034070	14.973
19.99	20.00	0.034086	15.074
19.99	20.00	0.034103	15.172
19.99	20.00	0.034120	15.273
19.99	20.00	0.034136	15.372
19.99	20.00	0.034153	15.474
19.99	20.00	0.034170	15.573
19.99	20.00	0.034186	15.674
19.99	20.00	0.034203	15.774
19.99	20.01	0.034220	15.873
19.99	20.01	0.034236	15.974
19.99	20.01	0.034253	16.073
19.99	20.01	0.034270	16.173
19.99	20.01	0.034286	16.272
19.99	20.01	0.034303	16.373
19.99	20.01	0.034320	16.474
19.99	20.01	0.034336	16.574
19.99	20.01	0.034353	16.673
19.99	20.01	0.034370	16.774
19.99	20.01	0.034386	16.873
19.99	20.01	0.034403	16.998
19.99	20.01	0.034420	17.102
19.99	20.00	0.034436	17.197
20.01	20.00	0.034453	17.296
20.01	20.00	0.034470	17.401
20.01	20.00	0.034486	17.496
20.01	20.00	0.034503	17.595
20.01	20.00	0.034520	17.700
20.01	20.00	0.034536	17.794
20.01	19.99	0.034553	17.894
20.01	19.99	0.034570	17.998
20.01	19.99	0.034586	18.093
20.01	19.99	0.034603	18.192
20.01	19.99	0.034619	18.297
20.01	19.99	0.034636	18.392
20.01	19.99	0.034653	18.491
19.99	19.99	0.034669	18.596
19.99	19.99	0.034686	18.690
19.99	19.99	0.034703	18.791
19.99	19.99	0.034719	18.894
19.99	19.99	0.034736	18.989
19.99	19.99	0.034753	19.091
19.99	20.00	0.034769	19.193
19.99	20.00	0.034786	19.288
19.99	20.00	0.034803	19.391
19.99	20.00	0.034819	19.492
19.99	20.00	0.034836	19.586
19.99	20.00	0.034853	19.691
19.99	20.00	0.034869	19.790
19.99	20.00	0.034886	19.885
19.99	20.01	0.034903	19.990
19.99	20.01	0.034919	20.089
19.99	20.01	0.034936	20.184
19.99	20.01	0.034953	20.288
19.99	20.01	0.034969	20.388
19.99	20.01	0.034986	20.482
19.99	20.01	0.035003	20.587
19.99	20.01	0.035019	20.687
19.99	20.01	0.035036	20.781
19.99	20.01	0.035053	20.886
19.99	20.01	0.035069	20.980
20.01	20.01	0.035086	21.080
20.01	20.01	0.035103	21.185
20.01	20.00	0.035119	21.280
20.01	20.00	0.035136	21.379
20.01	20.00	0.035153	21.484
20.01	20.00	0.035169	21.579
20.01	20.00	0.035186	21.678
20.01	20.00	0.035203	21.783
20.01	20.00	0.035219	21.877
20.01	19.99	0.035236	21.977
20.01	19.99	0.035253	22.081
20.01	19.99	0.035269	22.176
20.01	19.99	0.035286	22.276
20.01	19.99	0.035303	22.380
20.01	19.99	0.035319	22.475
20.01	19.99	0.035336	22.574
20.01	19.99	0.035353	22.679
20.01	19.99	0.035369	22.774
20.01	19.99	0.035386	22.875
20.01	19.99	0.035403	22.977
20.01	19.99	0.035419	23.075
20.01	19.99	0.035436	23.175
20.01	20.00	0.035452	23.276
19.99	20.00	0.035469	23.375
19.99	20.00	0.035486	23.473
19.99	20.00	0.035502	23.575
19.99	20.00	0.035519	23.675
19.99	20.00	0.035536	23.774
19.99	20.00	0.035552	23.875
19.99	20.00	0.035569	23.974
19.99	20.01	0.035586	24.075
19.99	20.01	0.035602	24.173
19.99	20.01	0.035619	24.274
19.99	20.01	0.035636	24.374
19.99	20.01	0.035652	24.475
19.99	20.01	0.035669	24.574
19.99	20.01	0.035686	24.675
19.99	20.01	0.035702	24.775
19.99	20.01	0.035719	24.874
19.99	20.01	0.035736	24.975
19.99	20.01	0.035752	25.074
19.99	20.01	0.035769	25.175
19.99	20.01	0.035786	25.274
19.99	20.00	0.035802	25.374
20.01	20.00	0.035819	25.475
20.01	20.00	0.035836	25.575
20.01	20.00	0.035852	25.674
20.01	20.00	0.035869	25.775
20.01	20.00	0.035886	25.874
20.01	20.00	0.035902	25.975
20.01	19.99	0.035919	26.075
20.01	19.99	0.035936	26.174
20.01	19.99	0.035952	26.275
20.01	19.99	0.035969	26.373
20.01	19.99	0.035986	26.474
20.01	19.99	0.036002	26.574
20.01	19.99	0.036019	26.675
20.01	19.99	0.036036	26.774
20.01	19.99	0.036052	26.875
20.01	19.99	0.036069	26.975
20.01	19.99	0.036086	27.075
20.01	19.99	0.036102	27.176
19.99	19.99	0.036119	27.276
19.99	20.00	0.036136	27.375
19.99	20.00	0.036152	27.476
19.99	20.00	0.036169	27.575
19.99	20.00	0.036186	27.676
19.99	20.00	0.036202	27.775
19.99	20.00	0.036219	27.876
19.99	20.00	0.036236	27.976
19.99	20.00	0.036252	28.075
19.99	20.01	0.036269	28.176
19.99	20.01	0.036285	28.274
19.99	20.01	0.036302	28.400
19.99	20.01	0.036319	28.504
19.99	20.01	0.036335	28.599
19.99	20.01	0.036352	28.698
19.99	20.01	0.036369	28.803
19.99	20.01	0.036385	28.898
20.01	20.01	0.036402	28.997
20.01	20.01	0.036419	29.102
20.01	20.01	0.036435	29.196
20.01	20.01	0.036452	29.296
20.01	20.01	0.036469	29.401
20.01	20.00	0.036485	29.495
20.01	20.00	0.036502	29.595
20.01	20.00	0.036519	29.700
20.01	20.00	0.036535	29.794
20.01	20.00	0.036552	29.894
20.01	20.00	0.036569	29.998
20.01	20.00	0.036585	30.093
20.01	19.99	0.036602	30.194
20.01	19.99	0.036619	30.297
20.01	19.99	0.036635	30.392
20.01	19.99	0.036652	30.494
20.01	19.99	0.036669	30.596
20.01	19.99	0.036685	30.690
20.01	19.99	0.036702	30.795
20.01	19.99	0.036719	30.894
19.99	19.99	0.036735	30.989
19.99	19.99	0.036752	31.093
19.99	19.99	0.036769	31.193
19.99	19.99	0.036785	31.288
19.99	19.99	0.036802	31.392
19.99	20.00	0.036819	31.492
19.99	20.00	0.036835	31.586
19.99	20.00	0.036852	31.691
19.99	20.00	0.036869	31.790
19.99	20.00	0.036885	31.885
19.99	20.00	0.036902	31.989
19.99	20.00	0.036919	32.084
19.99	20.00	0.036935	32.184
19.99	20.01	0.036952	32.288
19.99	20.01	0.036969	32.383
19.99	20.01	0.036985	32.482
19.99	20.01	0.037002	32.587
19.99	20.01	0.037019	32.681
19.99	20.01	0.037035	32.781
19.99	20.01	0.037052	32.886
19.99	20.01	0.037069	32.980
19.99	20.01	0.037085	33.080
19.99	20.01	0.037102	33.184
20.01	20.01	0.037118	33.279
20.01	20.01	0.037135	33.378
20.01	20.01	0.037152	33.483
20.01	20.00	0.037168	33.580
20.01	20.00	0.037185	33.680
20.01	20.00	0.037202	33.782
20.01	20.00	0.037218	33.879
20.01	20.00	0.037235	33.980
20.01	20.00	0.037252	34.081
20.01	20.00	0.037268	34.180
20.01	19.99	0.037285	34.278
20.01	19.99	0.037302	34.380
20.01	19.99	0.037318	34.479
20.01	19.99	0.037335	34.579
20.01	19.99	0.037352	34.680
20.01	19.99	0.037368	34.779
20.01	19.99	0.037385	34.880
20.01	19.99	0.037402	34.979
20.01	19.99	0.037418	35.079
20.01	19.99	0.037435	35.180
20.01	19.99	0.037452	35.279
20.01	19.99	0.037468	35.380
20.01	19.99	0.037485	35.478
20.01	20.00	0.037502	35.580
19.99	20.00	0.037518	35.679
19.99	20.00	0.037535	35.780
19.99	20.00	0.037552	35.879
19.99	20.00	0.037568	35.980
19.99	20.00	0.037585	36.080
19.99	20.00	0.037602	36.179
19.99	20.00	0.037618	36.280
19.99	20.01	0.037635	36.378
19.99	20.01	0.037652	36.480
19.99	20.01	0.037668	36.579
19.99	20.01	0.037685	36.680
19.99	20.01	0.037702	36.779
19.99	20.01	0.037718	36.880
19.99	20.01	0.037735	36.980
19.99	20.01	0.037752	37.079
19.99	20.01	0.037768	37.179
19.99	20.01	0.037785	37.278
20.01	20.01	0.037802	37.380
20.01	20.01	0.037818	37.479
20.01	20.01	0.037835	37.580
20.01	20.00	0.037852	37.679
20.01	20.00	0.037868	37.780
20.01	20.00	0.037885	37.880
20.01	20.00	0.037902	37.979
20.01	20.00	0.037918	38.080
20.01	20.00	0.037935	38.178
20.01	20.00	0.037951	38.279
20.01	19.99	0.037968	38.378
20.01	19.99	0.037985	38.480
20.01	19.99	0.038001	38.580
20.01	19.99	0.038018	38.679
20.01	19.99	0.038035	38.780
20.01	19.99	0.038051	38.879
20.01	19.99	0.038068	38.980
20.01	19.99	0.038085	39.079
19.99	19.99	0.038101	39.179
19.99	19.99	0.038118	39.279
19.99	19.99	0.038135	39.404
19.99	19.99	0.038151	39.504
19.99	19.99	0.038168	39.608
19.99	20.00	0.038185	39.703
19.99	20.00	0.038201	39.802
19.99	20.00	0.038218	39.907
19.99	20.00	0.038235	40.001
19.99	20.00	0.038251	40.101
19.99	20.00	0.038268	40.205
19.99	20.00	0.038285	40.300
19.99	20.00	0.038301	40.399
19.99	20.01	0.038318	40.504
19.99	20.01	0.038335	40.598
19.99	20.01	0.038351	40.698
19.99	20.01	0.038368	40.802
19.99	20.01	0.038385	40.897
19.99	20.01	0.038401	40.997
19.99	20.01	0.038418	41.102
19.99	20.01	0.038435	41.197
19.99	20.01	0.038451	41.297
19.99	20.01	0.038468	41.401
19.99	20.01	0.038485	41.495
19.99	20.01	0.038501	41.598
19.99	20.01	0.038518	41.699
19.99	20.00	0.038535	41.794
20.01	20.00	0.038551	41.897
20.01	20.00	0.038568	41.998
20.01	20.00	0.038585	42.093
20.01	20.00	0.038601	42.197
20.01	20.00	0.038618	42.297
20.01	20.00	0.038635	42.391
20.01	19.99	0.038651	42.496
20.01	19.99	0.038668	42.595
20.01	19.99	0.038685	42.690
20.01	19.99	0.038701	42.795
20.01	19.99	0.038718	42.894
20.01	19.99	0.038735	42.989
20.01	19.99	0.038751	43.093
20.01	19.99	0.038768	43.188
20.01	19.99	0.038784	43.287
20.01	19.99	0.038801	43.392
20.01	19.99	0.038818	43.487
19.99	19.99	0.038834	43.586
19.99	19.99	0.038851	43.691
19.99	20.00	0.038868	43.785
19.99	20.00	0.038884	43.885
19.99	20.00	0.038901	43.989
19.99	20.00	0.038918	44.084
19.99	20.00	0.038934	44.183
19.99	20.00	0.038951	44.288
19.99	20.00	0.038968	44.383
19.99	20.00	0.038984	44.482
19.99	20.01	0.039001	44.587
19.99	20.01	0.039018	44.681
19.99	20.01	0.039034	44.781
19.99	20.01	0.039051	44.885
19.99	20.01	0.039068	44.980
19.99	20.01	0.039084	45.079
19.99	20.01	0.039101	45.184
19.99	20.01	0.039118	45.280
19.99	20.01	0.039134	45.378
19.99	20.01	0.039151	45.483
19.99	20.01	0.039168	45.579
19.99	20.01	0.039184	45.680
19.99	20.01	0.039201	45.781
19.99	20.00	0.039218	45.880
20.01	20.00	0.039234	45.980
20.01	20.00	0.039251	46.081
20.01	20.00	0.039268	46.180
20.01	20.00	0.039284	46.279
20.01	20.00	0.039301	46.380
20.01	20.00	0.039318	46.479
20.01	19.99	0.039334	46.580
20.01	19.99	0.039351	46.679
20.01	19.99	0.039368	46.780
20.01	19.99	0.039384	46.880
20.01	19.99	0.039401	46.979
20.01	19.99	0.039418	47.080
20.01	19.99	0.039434	47.179
20.01	19.99	0.039451	47.279
20.01	19.99	0.039468	47.379
20.01	19.99	0.039484	47.479
20.01	19.99	0.039501	47.579
20.01	19.99	0.039518	47.680
20.01	19.99	0.039534	47.780
20.01	20.00	0.039551	47.879
20.01	20.00	0.039568	47.980
20.01	20.00	0.039584	48.079
19.99	20.00	0.039601	48.180
19.99	20.00	0.039617	48.280
19.99	20.00	0.039634	48.380
19.99	20.00	0.039651	48.481
19.99	20.00	0.039667	48.581
19.99	20.01	0.039684	48.680
19.99	20.01	0.039701	48.781
19.99	20.01	0.039717	48.880
19.99	20.01	0.039734	48.981
19.99	20.01	0.039751	49.080
19.99	20.01	0.039767	49.180
19.99	20.01	0.039784	49.280
19.99	20.01	0.039801	49.380
19.99	20.01	0.039817	49.481
19.99	20.01	0.039834	49.580
20.01	20.01	0.039851	49.681
20.01	20.01	0.039867	49.780
20.01	20.01	0.039884	49.881
20.01	20.00	0.039901	49.980
20.01	20.00	0.039917	50.081
20.01	20.00	0.039934	50.180
20.01	20.00	0.039951	50.279
20.01	20.00	0.039967	50.381
20.01	20.00	0.039984	50.479
20.01	20.00	0.040001	50.581
20.01	19.99	0.040017	50.680
20.01	19.99	0.040034	50.781
20.01	19.99	0.040051	50.880
20.01	19.99	0.040067	51.010
20.01	19.99	0.040084	51.104
20.01	19.99	0.040101	51.179
20.01	19.99	0.040117	51.310
20.01	19.99	0.040134	51.403
20.01	19.99	0.040151	51.503
20.01	19.99	0.040167	51.607
20.01	19.99	0.040184	51.702
20.01	19.99	0.040201	51.801
20.01	19.99	0.040217	51.907
20.01	20.00	0.040234	52.001
19.99	20.00	0.040251	52.101
19.99	20.00	0.040267	52.206
19.99	20.00	0.040284	52.300
19.99	20.00	0.040301	52.401
19.99	20.00	0.040317	52.503
19.99	20.00	0.040334	52.598
19.99	20.00	0.040351	52.700
19.99	20.01	0.040367	52.803
19.99	20.01	0.040384	52.898
19.99	20.01	0.040401	53.001
19.99	20.01	0.040417	53.102
19.99	20.01	0.040434	53.196
19.99	20.01	0.040450	53.301
19.99	20.01	0.040467	53.400
20.01	20.01	0.040484	53.495
20.01	20.01	0.040500	53.600
20.01	20.01	0.040517	53.699
20.01	20.01	0.040534	53.794
20.01	20.01	0.040550	53.898
20.01	20.01	0.040567	53.998
20.01	20.00	0.040584	54.092
20.01	20.00	0.040600	54.197
20.01	20.00	0.040617	54.292
20.01	20.00	0.040634	54.391
20.01	20.00	0.040650	54.496
20.01	20.00	0.040667	54.590
20.01	20.00	0.040684	54.690
20.01	19.99	0.040700	54.794
20.01	19.99	0.040717	54.889
20.01	19.99	0.040734	54.988
20.01	19.99	0.040750	55.093
20.01	19.99	0.040767	55.188
20.01	19.99	0.040784	55.287
20.01	19.99	0.040800	55.392
19.99	19.99	0.040817	55.486
19.99	19.99	0.040834	55.586
19.99	19.99	0.040850	55.690
19.99	19.99	0.040867	55.785
19.99	19.99	0.040884	55.885
19.99	19.99	0.040900	55.989
19.99	20.00	0.040917	56.084
19.99	20.00	0.040934	56.183
19.99	20.00	0.040950	56.288
19.99	20.00	0.040967	56.382
19.99	20.00	0.040984	56.483
19.99	20.00	0.041000	56.586
19.99	20.00	0.041017	56.684
19.99	20.00	0.041034	56.783
19.99	20.01	0.041050	56.886
19.99	20.01	0.041067	56.983
19.99	20.01	0.041084	57.084
19.99	20.01	0.041100	57.184
19.99	20.01	0.041117	57.283
19.99	20.01	0.041134	57.383
19.99	20.01	0.041150	57.483
19.99	20.01	0.041167	57.583
19.99	20.01	0.041184	57.683
19.99	20.01	0.041200	57.784
19.99	20.01	0.041217	57.883
19.99	20.01	0.041234	57.983
20.01	20.01	0.041250	58.084
20.01	20.00	0.041267	58.184
20.01	20.00	0.041283	58.282
20.01	20.00	0.041300	58.383
20.01	20.00	0.041317	58.483
20.01	20.00	0.041333	58.584
20.01	20.00	0.041350	58.683
20.01	20.00	0.041367	58.784
20.01	19.99	0.041383	58.884
20.01	19.99	0.041400	58.983
20.01	19.99	0.041417	59.084
20.01	19.99	0.041433	59.182
20.01	19.99	0.041450	59.283
20.01	19.99	0.041467	59.382
20.01	19.99	0.041483	59.484
20.01	19.99	0.041500	59.584
19.99	19.99	0.041517	59.683
19.99	19.99	0.041533	59.784
19.99	19.99	0.041550	59.883
19.99	19.99	0.041567	59.984
19.99	19.99	0.041583	00.083
19.99	20.00	0.041600	00.183
19.99	20.00	0.041617	00.284
19.99	20.00	0.041633	00.383
19.99	20.00	0.041650	00.482
19.99	20.00	0.041667	00.584
19.99	20.00	0.041683	00.683
19.99	20.00	0.041700	00.784
19.99	20.00	0.041717	00.883
19.99	20.01	0.041733	00.984
19.99	20.01	0.041750	01.084
19.99	20.01	0.041767	01.183
19.99	20.01	0.041783	01.283
19.99	20.01	0.041800	01.383
19.99	20.01	0.041817	01.483
19.99	20.01	0.041833	01.583
19.99	20.01	0.041850	01.684
19.99	20.01	0.041867	01.783
19.99	20.01	0.041883	01.884
20.01	20.01	0.041900	01.984
20.01	20.01	0.041917	02.084
20.01	20.01	0.041933	02.209
20.01	20.00	0.041950	02.308
20.01	20.00	0.041967	02.413
20.01	20.00	0.041983	02.507
20.01	20.00	0.042000	02.607
20.01	20.00	0.042017	02.711
20.01	20.00	0.042033	02.806
20.01	20.00	0.042050	02.906
20.01	19.99	0.042067	03.010
20.01	19.99	0.042083	03.105
20.01	19.99	0.042100	03.204
20.01	19.99	0.042116	03.309
20.01	19.99	0.042133	03.403
20.01	19.99	0.042150	03.505
20.01	19.99	0.042166	03.608
20.01	19.99	0.042183	03.702
20.01	19.99	0.042200	03.805
20.01	19.99	0.042216	03.906
20.01	19.99	0.042233	04.001
20.01	19.99	0.042250	04.104
20.01	19.99	0.042266	04.205
19.99	20.00	0.042283	04.299
19.99	20.00	0.042300	04.404
19.99	20.00	0.042316	04.504
19.99	20.00	0.042333	04.598
19.99	20.00	0.042350	04.703
19.99	20.00	0.042366	04.802
19.99	20.00	0.042383	04.897
19.99	20.00	0.042400	05.001
19.99	20.01	0.042416	05.101
19.99	20.01	0.042433	05.196
19.99	20.01	0.042450	05.300
19.99	20.01	0.042466	05.395
19.99	20.01	0.042483	05.494
19.99	20.01	0.042500	05.599
19.99	20.01	0.042516	05.693
19.99	20.01	0.042533	05.793
19.99	20.01	0.042550	05.897
20.01	20.01	0.042566	05.993
20.01	20.01	0.042583	06.093
20.01	20.01	0.042600	06.197
20.01	20.01	0.042616	06.291
20.01	20.00	0.042633	06.391
20.01	20.00	0.042650	06.495
20.01	20.00	0.042666	06.590
20.01	20.00	0.042683	06.689
20.01	20.00	0.042700	06.794
20.01	20.00	0.042716	06.889
20.01	20.00	0.042733	06.988
20.01	19.99	0.042750	07.093
20.01	19.99	0.042766	07.187
20.01	19.99	0.042783	07.287
20.01	19.99	0.042800	07.391
20.01	19.99	0.042816	07.486
20.01	19.99	0.042833	07.586
20.01	19.99	0.042850	07.690
20.01	19.99	0.042866	07.785
20.01	19.99	0.042883	07.886
20.01	19.99	0.042900	07.989
20.01	19.99	0.042916	08.084
20.01	19.99	0.042933	08.186
19.99	19.99	0.042949	08.288
19.99	20.00	0.042966	08.384
19.99	20.00	0.042983	08.486
19.99	20.00	0.042999	08.586
19.99	20.00	0.043016	08.685
19.99	20.00	0.043033	08.785
19.99	20.00	0.043049	08.885
19.99	20.00	0.043066	08.984
19.99	20.00	0.043083	09.086
19.99	20.01	0.043099	09.186
19.99	20.01	0.043116	09.284
19.99	20.01	0.043133	09.385
19.99	20.01	0.043149	09.485
19.99	20.01	0.043166	09.586
19.99	20.01	0.043183	09.686
19.99	20.01	0.043199	09.787
19.99	20.01	0.043216	09.886
19.99	20.01	0.043233	09.987
19.99	20.01	0.043249	10.087
19.99	20.01	0.043266	10.185
19.99	20.01	0.043283	10.287
20.01	20.01	0.043299	10.385
20.01	20.00	0.043316	10.486
20.01	20.00	0.043333	10.586
20.01	20.00	0.043349	10.688
20.01	20.00	0.043366	10.788
20.01	20.00	0.043383	10.888
20.01	20.00	0.043399	10.988
20.01	20.00	0.043416	11.087
20.01	19.99	0.043433	11.188
20.01	19.99	0.043449	11.286
20.01	19.99	0.043466	11.386
20.01	19.99	0.043483	11.487
20.01	19.99	0.043499	11.588
20.01	19.99	0.043516	11.689
20.01	19.99	0.043533	11.789
20.01	19.99	0.043549	11.888
20.01	19.99	0.043566	11.989
20.01	19.99	0.043583	12.088
20.01	19.99	0.043599	12.190
20.01	19.99	0.043616	12.288
20.01	19.99	0.043633	12.389
19.99	20.00	0.043649	12.490
19.99	20.00	0.043666	12.589
19.99	20.00	0.043683	12.715
19.99	20.00	0.043699	12.814
