100.00	0.00	7.23	30.00	150.00	2.70	97.30	0.50	

20.01	20.00	0.000000	37.424
20.01	20.00	0.000017	37.525
19.99	20.00	0.000033	37.623
19.99	20.00	0.000050	37.725
19.99	20.01	0.000067	37.825
19.99	20.01	0.000083	37.924
19.96	20.01	0.000100	38.025
19.96	20.01	0.000117	38.123
19.96	20.01	0.000133	38.225
19.96	20.01	0.000150	38.324
19.96	20.01	0.000167	38.425
19.93	20.01	0.000183	38.525
19.93	20.01	0.000200	38.625
19.93	20.01	0.000217	38.725
19.93	20.01	0.000233	38.824
19.96	20.01	0.000250	38.924
19.96	20.01	0.000267	39.024
19.96	20.00	0.000283	39.124
19.96	20.00	0.000300	39.225
19.96	20.00	0.000317	39.325
19.99	20.00	0.000333	39.426
19.99	20.00	0.000350	39.526
19.99	20.00	0.000367	39.625
20.01	20.00	0.000383	39.726
20.01	19.99	0.000400	39.825
20.01	19.99	0.000416	39.926
20.01	19.99	0.000433	40.025
20.04	19.99	0.000450	40.126
20.04	19.99	0.000466	40.226
20.04	19.99	0.000483	40.325
20.04	19.99	0.000500	40.426
20.04	19.99	0.000516	40.525
20.04	19.99	0.000533	40.626
20.04	19.99	0.000550	40.725
20.04	19.99	0.000566	40.826
20.04	19.99	0.000583	40.924
20.04	19.99	0.000600	41.025
20.04	20.00	0.000616	41.126
20.04	20.00	0.000633	41.225
20.04	20.00	0.000650	41.350
20.01	20.00	0.000666	41.454
20.01	20.00	0.000683	41.549
20.01	20.00	0.000700	41.648
20.01	20.00	0.000716	41.753
20.01	20.00	0.000733	41.847
20.01	20.01	0.000750	41.947
20.01	20.01	0.000766	42.052
20.01	20.01	0.000783	42.146
20.01	20.01	0.000800	42.246
20.01	20.01	0.000816	42.350
19.99	20.01	0.000833	42.445
19.99	20.01	0.000850	42.544
19.99	20.01	0.000866	42.649
19.99	20.01	0.000883	42.743
19.99	20.01	0.000900	42.844
19.99	20.01	0.000916	42.948
19.99	20.01	0.000933	43.042
20.01	20.01	0.000950	43.144
20.01	20.00	0.000966	43.246
20.01	20.00	0.000983	43.341
20.01	20.00	0.001000	43.444
20.01	20.00	0.001016	43.545
20.01	20.00	0.001033	43.640
20.01	20.00	0.001050	43.744
20.01	20.00	0.001066	43.844
20.01	19.99	0.001083	43.938
20.01	19.99	0.001100	44.043
20.01	19.99	0.001116	44.142
20.01	19.99	0.001133	44.237
20.01	19.99	0.001150	44.341
20.01	19.99	0.001166	44.441
20.01	19.99	0.001183	44.536
20.01	19.99	0.001200	44.640
20.01	19.99	0.001216	44.740
20.01	19.99	0.001233	44.834
20.01	19.99	0.001250	44.939
20.01	19.99	0.001266	45.033
20.01	19.99	0.001283	45.133
20.01	20.00	0.001299	45.237
20.01	20.00	0.001316	45.332
20.01	20.00	0.001333	45.432
20.01	20.00	0.001349	45.536
20.01	20.00	0.001366	45.631
20.01	20.00	0.001383	45.730
19.99	20.00	0.001399	45.835
19.99	20.00	0.001416	45.930
19.99	20.01	0.001433	46.030
19.99	20.01	0.001449	46.134
19.99	20.01	0.001466	46.229
19.99	20.01	0.001483	46.328
19.99	20.01	0.001499	46.433
19.99	20.01	0.001516	46.527
19.99	20.01	0.001533	46.628
19.99	20.01	0.001549	46.731
19.99	20.01	0.001566	46.828
19.99	20.01	0.001583	46.927
19.99	20.01	0.001599	47.030
19.99	20.01	0.001616	47.128
20.01	20.01	0.001633	47.227
20.01	20.00	0.001649	47.329
20.01	20.00	0.001666	47.427
20.01	20.00	0.001683	47.528
20.01	20.00	0.001699	47.627
20.01	20.00	0.001716	47.728
20.01	20.00	0.001733	47.828
20.01	20.00	0.001749	47.927
20.01	19.99	0.001766	48.029
20.01	19.99	0.001783	48.128
20.01	19.99	0.001799	48.229
20.01	19.99	0.001816	48.329
20.01	19.99	0.001833	48.430
20.01	19.99	0.001849	48.529
20.01	19.99	0.001866	48.630
20.01	19.99	0.001883	48.730
20.01	19.99	0.001899	48.829
20.01	19.99	0.001916	48.929
20.01	19.99	0.001933	49.029
20.01	19.99	0.001949	49.130
20.01	19.99	0.001966	49.229
20.01	20.00	0.001983	49.330
19.99	20.00	0.001999	49.430
19.99	20.00	0.002016	49.529
19.99	20.00	0.002033	49.630
19.99	20.00	0.002049	49.729
19.99	20.00	0.002066	49.830
19.99	20.00	0.002082	49.928
19.99	20.00	0.002099	50.029
19.99	20.01	0.002116	50.129
19.99	20.01	0.002132	50.230
19.99	20.01	0.002149	50.330
19.99	20.01	0.002166	50.429
19.99	20.01	0.002182	50.530
19.99	20.01	0.002199	50.629
19.99	20.01	0.002216	50.730
19.99	20.01	0.002232	50.829
19.99	20.01	0.002249	50.929
19.99	20.01	0.002266	51.028
19.99	20.01	0.002282	51.130
19.99	20.01	0.002299	51.230
19.99	20.01	0.002316	51.329
19.99	20.00	0.002332	51.430
20.01	20.00	0.002349	51.529
20.01	20.00	0.002366	51.630
20.01	20.00	0.002382	51.729
20.01	20.00	0.002399	51.855
20.01	20.00	0.002416	51.959
20.01	20.00	0.002432	52.054
20.01	19.99	0.002449	52.154
20.01	19.99	0.002466	52.258
20.01	19.99	0.002482	52.353
20.01	19.99	0.002499	52.452
20.01	19.99	0.002516	52.557
20.01	19.99	0.002532	52.651
20.01	19.99	0.002549	52.751
20.01	19.99	0.002566	52.855
20.01	19.99	0.002582	52.950
20.01	19.99	0.002599	53.050
20.01	19.99	0.002616	53.154
20.01	19.99	0.002632	53.249
20.01	19.99	0.002649	53.348
20.01	20.00	0.002666	53.453
19.99	20.00	0.002682	53.547
19.99	20.00	0.002699	53.647
19.99	20.00	0.002716	53.752
19.99	20.00	0.002732	53.847
19.99	20.00	0.002749	53.946
19.99	20.00	0.002766	54.050
19.99	20.00	0.002782	54.144
19.99	20.01	0.002799	54.247
19.99	20.01	0.002816	54.349
19.99	20.01	0.002832	54.443
19.99	20.01	0.002849	54.547
19.99	20.01	0.002866	54.648
19.99	20.01	0.002882	54.743
19.99	20.01	0.002899	54.846
19.99	20.01	0.002915	54.947
19.99	20.01	0.002932	55.041
19.99	20.01	0.002949	55.146
19.99	20.01	0.002965	55.245
19.99	20.01	0.002982	55.340
19.99	20.01	0.002999	55.445
20.01	20.00	0.003015	55.544
20.01	20.00	0.003032	55.639
20.01	20.00	0.003049	55.743
20.01	20.00	0.003065	55.843
20.01	20.00	0.003082	55.937
20.01	20.00	0.003099	56.042
20.01	20.00	0.003115	56.136
20.01	19.99	0.003132	56.237
20.01	19.99	0.003149	56.340
20.01	19.99	0.003165	56.435
20.01	19.99	0.003182	56.534
20.01	19.99	0.003199	56.640
20.01	19.99	0.003215	56.733
20.01	19.99	0.003232	56.833
20.01	19.99	0.003249	56.938
20.01	19.99	0.003265	57.033
20.01	19.99	0.003282	57.132
20.01	19.99	0.003299	57.237
19.99	19.99	0.003315	57.332
19.99	19.99	0.003332	57.431
19.99	20.00	0.003349	57.536
19.99	20.00	0.003365	57.632
19.99	20.00	0.003382	57.732
19.99	20.00	0.003399	57.835
19.99	20.00	0.003415	57.930
19.99	20.00	0.003432	58.031
19.99	20.00	0.003449	58.132
19.99	20.00	0.003465	58.232
19.99	20.01	0.003482	58.331
19.99	20.01	0.003499	58.432
19.99	20.01	0.003515	58.532
19.99	20.01	0.003532	58.631
19.99	20.01	0.003549	58.732
19.99	20.01	0.003565	58.831
19.99	20.01	0.003582	58.931
19.99	20.01	0.003599	59.030
19.99	20.01	0.003615	59.132
19.99	20.01	0.003632	59.231
19.99	20.01	0.003649	59.332
19.99	20.01	0.003665	59.432
19.99	20.01	0.003682	59.531
19.99	20.00	0.003699	59.632
20.01	20.00	0.003715	59.731
20.01	20.00	0.003732	59.832
20.01	20.00	0.003748	59.931
20.01	20.00	0.003765	00.031
20.01	20.00	0.003782	00.132
20.01	20.00	0.003798	00.231
20.01	19.99	0.003815	00.332
20.01	19.99	0.003832	00.431
20.01	19.99	0.003848	00.532
20.01	19.99	0.003865	00.631
20.01	19.99	0.003882	00.732
20.01	19.99	0.003898	00.832
20.01	19.99	0.003915	00.931
20.01	19.99	0.003932	01.032
20.01	19.99	0.003948	01.131
20.01	19.99	0.003965	01.232
20.01	19.99	0.003982	01.331
20.01	19.99	0.003998	01.433
20.01	19.99	0.004015	01.532
20.01	20.00	0.004032	01.633
20.01	20.00	0.004048	01.733
20.01	20.00	0.004065	01.832
20.01	20.00	0.004082	01.933
20.01	20.00	0.004098	02.031
19.99	20.00	0.004115	02.133
19.99	20.00	0.004132	02.232
19.99	20.00	0.004148	02.333
19.99	20.01	0.004165	02.432
19.99	20.01	0.004182	02.533
19.99	20.01	0.004198	02.633
19.99	20.01	0.004215	02.732
19.99	20.01	0.004232	02.833
19.99	20.01	0.004248	02.932
19.99	20.01	0.004265	03.033
19.99	20.01	0.004282	03.132
19.99	20.01	0.004298	03.257
19.99	20.01	0.004315	03.360
19.99	20.01	0.004332	03.456
19.99	20.01	0.004348	03.556
19.99	20.01	0.004365	03.660
19.99	20.00	0.004382	03.755
20.01	20.00	0.004398	03.854
20.01	20.00	0.004415	03.959
20.01	20.00	0.004432	04.053
20.01	20.00	0.004448	04.153
20.01	20.00	0.004465	04.257
20.01	20.00	0.004482	04.352
20.01	19.99	0.004498	04.452
20.01	19.99	0.004515	04.556
20.01	19.99	0.004532	04.651
20.01	19.99	0.004548	04.750
20.01	19.99	0.004565	04.855
20.01	19.99	0.004581	04.949
20.01	19.99	0.004598	05.050
20.01	19.99	0.004615	05.153
20.01	19.99	0.004631	05.248
20.01	19.99	0.004648	05.349
20.01	19.99	0.004665	05.452
20.01	19.99	0.004681	05.546
20.01	19.99	0.004698	05.650
20.01	20.00	0.004715	05.750
20.01	20.00	0.004731	05.845
19.99	20.00	0.004748	05.950
19.99	20.00	0.004765	06.049
19.99	20.00	0.004781	06.144
19.99	20.00	0.004798	06.248
19.99	20.00	0.004815	06.348
19.99	20.00	0.004831	06.442
19.99	20.01	0.004848	06.548
19.99	20.01	0.004865	06.646
19.99	20.01	0.004881	06.741
19.99	20.01	0.004898	06.846
19.99	20.01	0.004915	06.945
19.99	20.01	0.004931	07.040
19.99	20.01	0.004948	07.144
19.99	20.01	0.004965	07.239
19.99	20.01	0.004981	07.338
19.99	20.01	0.004998	07.443
19.99	20.01	0.005015	07.538
19.99	20.01	0.005031	07.638
19.99	20.01	0.005048	07.743
19.99	20.00	0.005065	07.837
20.01	20.00	0.005081	07.937
20.01	20.00	0.005098	08.041
20.01	20.00	0.005115	08.136
20.01	20.00	0.005131	08.236
20.01	20.00	0.005148	08.340
20.01	20.00	0.005165	08.435
20.01	19.99	0.005181	08.534
20.01	19.99	0.005198	08.639
20.01	19.99	0.005215	08.734
20.01	19.99	0.005231	08.834
20.01	19.99	0.005248	08.937
20.01	19.99	0.005265	09.035
20.01	19.99	0.005281	09.135
20.01	19.99	0.005298	09.236
20.01	19.99	0.005315	09.335
20.01	19.99	0.005331	09.434
19.99	19.99	0.005348	09.535
19.99	19.99	0.005365	09.635
19.99	19.99	0.005381	09.734
19.99	20.00	0.005398	09.835
19.99	20.00	0.005414	09.934
19.99	20.00	0.005431	10.034
19.99	20.00	0.005448	10.135
19.99	20.00	0.005464	10.234
19.99	20.00	0.005481	10.335
19.99	20.00	0.005498	10.435
19.99	20.00	0.005514	10.535
19.99	20.01	0.005531	10.634
19.99	20.01	0.005548	10.735
19.99	20.01	0.005564	10.834
19.99	20.01	0.005581	10.935
19.99	20.01	0.005598	11.034
19.99	20.01	0.005614	11.135
19.99	20.01	0.005631	11.235
19.99	20.01	0.005648	11.334
19.99	20.01	0.005664	11.435
19.99	20.01	0.005681	11.534
19.99	20.01	0.005698	11.635
19.99	20.01	0.005714	11.734
19.99	20.01	0.005731	11.835
19.99	20.00	0.005748	11.934
20.01	20.00	0.005764	12.035
20.01	20.00	0.005781	12.135
20.01	20.00	0.005798	12.234
20.01	20.00	0.005814	12.335
20.01	20.00	0.005831	12.434
20.01	20.00	0.005848	12.535
20.01	19.99	0.005864	12.635
20.01	19.99	0.005881	12.735
20.01	19.99	0.005898	12.835
20.01	19.99	0.005914	12.934
20.01	19.99	0.005931	13.034
20.01	19.99	0.005948	13.134
20.01	19.99	0.005964	13.235
20.01	19.99	0.005981	13.334
20.01	19.99	0.005998	13.435
20.01	19.99	0.006014	13.535
20.01	19.99	0.006031	13.635
20.01	19.99	0.006048	13.733
20.01	19.99	0.006064	13.833
20.01	20.00	0.006081	13.934
20.01	20.00	0.006098	14.033
20.01	20.00	0.006114	14.135
20.01	20.00	0.006131	14.235
19.99	20.00	0.006148	14.335
19.99	20.00	0.006164	14.464
19.99	20.00	0.006181	14.559
19.99	20.00	0.006198	14.633
19.99	20.01	0.006214	14.763
19.99	20.01	0.006231	14.857
19.99	20.01	0.006247	14.957
19.99	20.01	0.006264	15.061
19.99	20.01	0.006281	15.156
19.99	20.01	0.006297	15.256
19.99	20.01	0.006314	15.360
19.99	20.01	0.006331	15.455
19.99	20.01	0.006347	15.554
19.99	20.01	0.006364	15.659
19.99	20.01	0.006381	15.753
19.99	20.01	0.006397	15.853
19.99	20.01	0.006414	15.957
19.99	20.00	0.006431	16.052
20.01	20.00	0.006447	16.153
20.01	20.00	0.006464	16.256
20.01	20.00	0.006481	16.351
20.01	20.00	0.006497	16.452
20.01	20.00	0.006514	16.555
20.01	20.00	0.006531	16.649
20.01	19.99	0.006547	16.753
20.01	19.99	0.006564	16.853
20.01	19.99	0.006581	16.948
20.01	19.99	0.006597	17.053
20.01	19.99	0.006614	17.152
20.01	19.99	0.006631	17.247
20.01	19.99	0.006647	17.352
20.01	19.99	0.006664	17.451
20.01	19.99	0.006681	17.546
20.01	19.99	0.006697	17.650
20.01	19.99	0.006714	17.750
20.01	19.99	0.006731	17.845
20.01	19.99	0.006747	17.949
20.01	20.00	0.006764	18.049
20.01	20.00	0.006781	18.143
20.01	20.00	0.006797	18.248
19.99	20.00	0.006814	18.342
19.99	20.00	0.006831	18.442
19.99	20.00	0.006847	18.547
19.99	20.00	0.006864	18.641
19.99	20.00	0.006881	18.741
19.99	20.01	0.006897	18.845
19.99	20.01	0.006914	18.940
19.99	20.01	0.006931	19.039
19.99	20.01	0.006947	19.144
19.99	20.01	0.006964	19.238
19.99	20.01	0.006981	19.338
19.99	20.01	0.006997	19.443
19.99	20.01	0.007014	19.537
19.99	20.01	0.007031	19.637
19.99	20.01	0.007047	19.741
19.99	20.01	0.007064	19.836
19.99	20.01	0.007080	19.935
19.99	20.01	0.007097	20.040
19.99	20.00	0.007114	20.135
19.99	20.00	0.007130	20.234
19.99	20.00	0.007147	20.339
20.01	20.00	0.007164	20.434
20.01	20.00	0.007180	20.535
20.01	20.00	0.007197	20.637
20.01	20.00	0.007214	20.735
20.01	19.99	0.007230	20.834
20.01	19.99	0.007247	20.936
20.01	19.99	0.007264	21.034
20.01	19.99	0.007280	21.134
20.01	19.99	0.007297	21.235
20.01	19.99	0.007314	21.334
20.01	19.99	0.007330	21.435
20.01	19.99	0.007347	21.535
20.01	19.99	0.007364	21.635
20.01	19.99	0.007380	21.735
20.01	19.99	0.007397	21.833
20.01	19.99	0.007414	21.933
20.01	19.99	0.007430	22.035
20.01	20.00	0.007447	22.134
20.01	20.00	0.007464	22.235
19.99	20.00	0.007480	22.334
19.99	20.00	0.007497	22.435
19.99	20.00	0.007514	22.535
19.99	20.00	0.007530	22.634
19.99	20.00	0.007547	22.734
19.99	20.00	0.007564	22.835
19.99	20.01	0.007580	22.934
19.99	20.01	0.007597	23.035
19.99	20.01	0.007614	23.134
19.99	20.01	0.007630	23.235
19.99	20.01	0.007647	23.334
19.99	20.01	0.007664	23.435
19.99	20.01	0.007680	23.534
19.99	20.01	0.007697	23.635
19.99	20.01	0.007714	23.734
19.99	20.01	0.007730	23.835
19.99	20.01	0.007747	23.933
19.99	20.01	0.007764	24.034
19.99	20.01	0.007780	24.135
19.99	20.00	0.007797	24.234
20.01	20.00	0.007814	24.335
20.01	20.00	0.007830	24.434
20.01	20.00	0.007847	24.535
20.01	20.00	0.007864	24.635
20.01	20.00	0.007880	24.735
20.01	20.00	0.007897	24.834
20.01	19.99	0.007913	24.935
20.01	19.99	0.007930	25.034
20.01	19.99	0.007947	25.135
20.01	19.99	0.007963	25.235
20.01	19.99	0.007980	25.335
20.01	19.99	0.007997	25.435
20.01	19.99	0.008013	25.534
20.01	19.99	0.008030	25.635
20.01	19.99	0.008047	25.734
20.01	19.99	0.008063	25.835
20.01	19.99	0.008080	25.933
20.01	19.99	0.008097	26.034
20.01	19.99	0.008113	26.135
20.01	20.00	0.008130	26.234
20.01	20.00	0.008147	26.334
20.01	20.00	0.008163	26.433
19.99	20.00	0.008180	26.558
19.99	20.00	0.008197	26.657
19.99	20.00	0.008213	26.762
19.99	20.00	0.008230	26.856
19.99	20.00	0.008247	26.956
19.99	20.01	0.008263	27.060
19.99	20.01	0.008280	27.155
19.99	20.01	0.008297	27.255
19.99	20.01	0.008313	27.359
19.99	20.01	0.008330	27.454
19.99	20.01	0.008347	27.555
19.99	20.01	0.008363	27.658
19.99	20.01	0.008380	27.753
19.99	20.01	0.008397	27.855
19.99	20.01	0.008413	27.957
19.99	20.01	0.008430	28.051
19.99	20.01	0.008447	28.155
19.99	20.01	0.008463	28.255
20.01	20.00	0.008480	28.350
20.01	20.00	0.008497	28.455
20.01	20.00	0.008513	28.554
20.01	20.00	0.008530	28.649
20.01	20.00	0.008547	28.754
20.01	20.00	0.008563	28.853
20.01	20.00	0.008580	28.948
20.01	19.99	0.008597	29.052
20.01	19.99	0.008613	29.152
20.01	19.99	0.008630	29.246
20.01	19.99	0.008647	29.351
20.01	19.99	0.008663	29.446
20.01	19.99	0.008680	29.545
20.01	19.99	0.008697	29.650
20.01	19.99	0.008713	29.744
20.01	19.99	0.008730	29.844
20.01	19.99	0.008746	29.949
20.01	19.99	0.008763	30.042
20.01	19.99	0.008780	30.143
20.01	19.99	0.008796	30.247
19.99	20.00	0.008813	30.342
19.99	20.00	0.008830	30.441
19.99	20.00	0.008846	30.546
19.99	20.00	0.008863	30.640
19.99	20.00	0.008880	30.740
19.99	20.00	0.008896	30.844
19.99	20.00	0.008913	30.939
19.99	20.00	0.008930	31.039
19.99	20.01	0.008946	31.143
19.99	20.01	0.008963	31.238
19.99	20.01	0.008980	31.337
19.99	20.01	0.008996	31.442
19.99	20.01	0.009013	31.536
19.99	20.01	0.009030	31.636
19.99	20.01	0.009046	31.741
19.99	20.01	0.009063	31.835
19.99	20.01	0.009080	31.936
19.99	20.01	0.009096	32.039
19.99	20.01	0.009113	32.136
19.99	20.01	0.009130	32.236
19.99	20.01	0.009146	32.338
19.99	20.00	0.009163	32.435
19.99	20.00	0.009180	32.536
19.99	20.00	0.009196	32.637
19.99	20.00	0.009213	32.735
19.99	20.00	0.009230	32.836
20.01	20.00	0.009246	32.935
20.01	20.00	0.009263	33.034
20.01	19.99	0.009280	33.136
20.01	19.99	0.009296	33.235
20.01	19.99	0.009313	33.336
20.01	19.99	0.009330	33.436
20.01	19.99	0.009346	33.535
20.01	19.99	0.009363	33.636
20.01	19.99	0.009380	33.735
20.01	19.99	0.009396	33.835
20.01	19.99	0.009413	33.935
20.01	19.99	0.009430	34.035
20.01	19.99	0.009446	34.136
20.01	19.99	0.009463	34.236
20.01	19.99	0.009480	34.335
20.01	20.00	0.009496	34.436
20.01	20.00	0.009513	34.535
19.99	20.00	0.009530	34.636
19.99	20.00	0.009546	34.735
19.99	20.00	0.009563	34.836
19.99	20.00	0.009579	34.935
19.99	20.00	0.009596	35.035
19.99	20.00	0.009613	35.135
19.99	20.01	0.009629	35.235
19.99	20.01	0.009646	35.335
19.99	20.01	0.009663	35.436
19.99	20.01	0.009679	35.535
19.99	20.01	0.009696	35.635
19.99	20.01	0.009713	35.736
19.99	20.01	0.009729	35.836
19.99	20.01	0.009746	35.935
19.99	20.01	0.009763	36.036
19.99	20.01	0.009779	36.135
19.99	20.01	0.009796	36.235
19.99	20.01	0.009813	36.336
20.01	20.01	0.009829	36.436
20.01	20.00	0.009846	36.536
20.01	20.00	0.009863	36.636
20.01	20.00	0.009879	36.735
20.01	20.00	0.009896	36.834
20.01	20.00	0.009913	36.935
20.01	20.00	0.009929	37.036
20.01	20.00	0.009946	37.135
20.01	19.99	0.009963	37.236
20.01	19.99	0.009979	37.336
20.01	19.99	0.009996	37.435
20.01	19.99	0.010013	37.536
20.01	19.99	0.010029	37.635
20.01	19.99	0.010046	37.735
20.01	19.99	0.010063	37.865
20.01	19.99	0.010079	37.934
20.01	19.99	0.010096	38.059
20.01	19.99	0.010113	38.163
20.01	19.99	0.010129	38.258
20.01	19.99	0.010146	38.358
20.01	19.99	0.010163	38.462
20.01	20.00	0.010179	38.557
19.99	20.00	0.010196	38.658
19.99	20.00	0.010213	38.761
19.99	20.00	0.010229	38.855
19.99	20.00	0.010246	38.958
19.99	20.00	0.010263	39.060
19.99	20.00	0.010279	39.155
19.99	20.00	0.010296	39.258
19.99	20.01	0.010313	39.359
19.99	20.01	0.010329	39.453
19.99	20.01	0.010346	39.558
19.99	20.01	0.010363	39.657
19.99	20.01	0.010379	39.752
19.99	20.01	0.010396	39.857
19.99	20.01	0.010412	39.956
19.99	20.01	0.010429	40.050
19.99	20.01	0.010446	40.155
19.99	20.01	0.010462	40.254
19.99	20.01	0.010479	40.349
19.99	20.01	0.010496	40.453
19.99	20.01	0.010512	40.548
19.99	20.00	0.010529	40.648
20.01	20.00	0.010546	40.753
20.01	20.00	0.010562	40.847
20.01	20.00	0.010579	40.947
20.01	20.00	0.010596	41.051
20.01	20.00	0.010612	41.146
20.01	20.00	0.010629	41.245
20.01	19.99	0.010646	41.350
20.01	19.99	0.010662	41.445
20.01	19.99	0.010679	41.544
20.01	19.99	0.010696	41.649
20.01	19.99	0.010712	41.743
20.01	19.99	0.010729	41.843
20.01	19.99	0.010746	41.947
20.01	19.99	0.010762	42.042
20.01	19.99	0.010779	42.142
20.01	19.99	0.010796	42.246
20.01	19.99	0.010812	42.341
20.01	19.99	0.010829	42.440
20.01	19.99	0.010846	42.545
20.01	20.00	0.010862	42.639
19.99	20.00	0.010879	42.739
19.99	20.00	0.010896	42.843
19.99	20.00	0.010912	42.938
19.99	20.00	0.010929	43.039
19.99	20.00	0.010946	43.142
19.99	20.00	0.010962	43.237
19.99	20.00	0.010979	43.339
19.99	20.01	0.010996	43.441
19.99	20.01	0.011012	43.535
19.99	20.01	0.011029	43.639
19.99	20.01	0.011046	43.739
19.99	20.01	0.011062	43.836
19.99	20.01	0.011079	43.939
19.99	20.01	0.011096	44.038
19.99	20.01	0.011112	44.136
19.99	20.01	0.011129	44.237
19.99	20.01	0.011146	44.337
19.99	20.01	0.011162	44.435
19.99	20.01	0.011179	44.537
19.99	20.01	0.011196	44.636
19.99	20.00	0.011212	44.735
19.99	20.00	0.011229	44.836
20.01	20.00	0.011245	44.935
20.01	20.00	0.011262	45.036
20.01	20.00	0.011279	45.135
20.01	20.00	0.011295	45.236
20.01	20.00	0.011312	45.335
20.01	19.99	0.011329	45.436
20.01	19.99	0.011345	45.536
20.01	19.99	0.011362	45.635
20.01	19.99	0.011379	45.735
20.01	19.99	0.011395	45.835
20.01	19.99	0.011412	45.935
20.01	19.99	0.011429	46.035
20.01	19.99	0.011445	46.136
20.01	19.99	0.011462	46.235
20.01	19.99	0.011479	46.335
20.01	19.99	0.011495	46.435
20.01	19.99	0.011512	46.535
20.01	19.99	0.011529	46.635
20.01	20.00	0.011545	46.736
19.99	20.00	0.011562	46.835
19.99	20.00	0.011579	46.936
19.99	20.00	0.011595	47.036
19.99	20.00	0.011612	47.135
19.99	20.00	0.011629	47.235
19.99	20.00	0.011645	47.335
19.99	20.00	0.011662	47.435
19.99	20.01	0.011679	47.536
19.99	20.01	0.011695	47.636
19.99	20.01	0.011712	47.736
19.99	20.01	0.011729	47.836
19.99	20.01	0.011745	47.935
19.99	20.01	0.011762	48.035
19.99	20.01	0.011779	48.135
19.99	20.01	0.011795	48.235
19.99	20.01	0.011812	48.336
19.99	20.01	0.011829	48.435
20.01	20.01	0.011845	48.536
20.01	20.01	0.011862	48.636
20.01	20.01	0.011879	48.735
20.01	20.00	0.011895	48.836
20.01	20.00	0.011912	48.935
20.01	20.00	0.011929	49.034
20.01	20.00	0.011945	49.136
20.01	20.00	0.011962	49.235
20.01	20.00	0.011979	49.336
20.01	20.00	0.011995	49.436
20.01	19.99	0.012012	49.535
20.01	19.99	0.012029	49.660
20.01	19.99	0.012045	49.736
20.01	19.99	0.012062	49.864
20.01	19.99	0.012078	49.959
20.01	19.99	0.012095	50.036
20.01	19.99	0.012112	50.163
20.01	19.99	0.012128	50.258
20.01	19.99	0.012145	50.336
20.01	19.99	0.012162	50.462
19.99	19.99	0.012178	50.556
19.99	19.99	0.012195	50.661
19.99	19.99	0.012212	50.760
19.99	20.00	0.012228	50.855
19.99	20.00	0.012245	50.959
19.99	20.00	0.012262	51.059
19.99	20.00	0.012278	51.154
19.99	20.00	0.012295	51.258
19.99	20.00	0.012312	51.358
19.99	20.00	0.012328	51.452
19.99	20.00	0.012345	51.557
19.99	20.01	0.012362	51.656
19.99	20.01	0.012378	51.751
19.99	20.01	0.012395	51.856
19.99	20.01	0.012412	51.950
19.99	20.01	0.012428	52.050
19.99	20.01	0.012445	52.154
19.99	20.01	0.012462	52.249
19.99	20.01	0.012478	52.348
19.99	20.01	0.012495	52.453
19.99	20.01	0.012512	52.547
19.99	20.01	0.012528	52.647
19.99	20.01	0.012545	52.752
19.99	20.01	0.012562	52.846
19.99	20.00	0.012578	52.946
19.99	20.00	0.012595	53.050
20.01	20.00	0.012612	53.145
20.01	20.00	0.012628	53.244
20.01	20.00	0.012645	53.349
20.01	20.00	0.012662	53.444
20.01	20.00	0.012678	53.544
20.01	19.99	0.012695	53.648
20.01	19.99	0.012712	53.743
20.01	19.99	0.012728	53.842
20.01	19.99	0.012745	53.947
20.01	19.99	0.012762	54.041
20.01	19.99	0.012778	54.142
20.01	19.99	0.012795	54.246
20.01	19.99	0.012812	54.340
20.01	19.99	0.012828	54.442
20.01	19.99	0.012845	54.544
20.01	19.99	0.012862	54.639
20.01	19.99	0.012878	54.741
20.01	19.99	0.012895	54.843
19.99	20.00	0.012911	54.937
19.99	20.00	0.012928	55.042
19.99	20.00	0.012945	55.142
19.99	20.00	0.012961	55.238
19.99	20.00	0.012978	55.341
19.99	20.00	0.012995	55.441
19.99	20.00	0.013011	55.537
19.99	20.00	0.013028	55.640
19.99	20.01	0.013045	55.739
19.99	20.01	0.013061	55.838
19.99	20.01	0.013078	55.938
19.99	20.01	0.013095	56.038
19.99	20.01	0.013111	56.138
19.99	20.01	0.013128	56.237
19.99	20.01	0.013145	56.338
19.99	20.01	0.013161	56.437
19.99	20.01	0.013178	56.538
19.99	20.01	0.013195	56.637
19.99	20.01	0.013211	56.738
20.01	20.01	0.013228	56.838
20.01	20.01	0.013245	56.938
20.01	20.00	0.013261	57.038
20.01	20.00	0.013278	57.137
20.01	20.00	0.013295	57.238
20.01	20.00	0.013311	57.337
20.01	20.00	0.013328	57.438
20.01	20.00	0.013345	57.539
20.01	20.00	0.013361	57.637
20.01	19.99	0.013378	57.738
20.01	19.99	0.013395	57.838
20.01	19.99	0.013411	57.937
20.01	19.99	0.013428	58.037
20.01	19.99	0.013445	58.138
20.01	19.99	0.013461	58.237
20.01	19.99	0.013478	58.338
20.01	19.99	0.013495	58.439
20.01	19.99	0.013511	58.537
20.01	19.99	0.013528	58.638
20.01	19.99	0.013545	58.738
20.01	19.99	0.013561	58.838
20.01	19.99	0.013578	58.936
20.01	20.00	0.013595	59.039
19.99	20.00	0.013611	59.137
19.99	20.00	0.013628	59.238
19.99	20.00	0.013645	59.339
19.99	20.00	0.013661	59.437
19.99	20.00	0.013678	59.538
19.99	20.00	0.013695	59.638
19.99	20.00	0.013711	59.738
19.99	20.01	0.013728	59.837
19.99	20.01	0.013744	59.939
19.99	20.01	0.013761	00.037
19.99	20.01	0.013778	00.137
19.99	20.01	0.013794	00.239
19.99	20.01	0.013811	00.337
19.99	20.01	0.013828	00.438
19.99	20.01	0.013844	00.539
19.99	20.01	0.013861	00.638
19.99	20.01	0.013878	00.737
19.99	20.01	0.013894	00.839
19.99	20.01	0.013911	00.938
19.99	20.01	0.013928	01.037
20.01	20.00	0.013944	01.139
20.01	20.00	0.013961	01.266
20.01	20.00	0.013978	01.361
20.01	20.00	0.013994	01.439
20.01	20.00	0.014011	01.565
20.01	20.00	0.014028	01.659
20.01	20.00	0.014044	01.739
20.01	19.99	0.014061	01.863
20.01	19.99	0.014078	01.958
20.01	19.99	0.014094	02.063
20.01	19.99	0.014111	02.162
20.01	19.99	0.014128	02.257
20.01	19.99	0.014144	02.361
20.01	19.99	0.014161	02.461
20.01	19.99	0.014178	02.555
20.01	19.99	0.014194	02.660
20.01	19.99	0.014211	02.760
20.01	19.99	0.014228	02.854
20.01	19.99	0.014244	02.959
19.99	19.99	0.014261	03.053
19.99	20.00	0.014278	03.153
19.99	20.00	0.014294	03.257
19.99	20.00	0.014311	03.352
19.99	20.00	0.014328	03.451
19.99	20.00	0.014344	03.556
19.99	20.00	0.014361	03.651
19.99	20.00	0.014378	03.750
19.99	20.00	0.014394	03.855
19.99	20.01	0.014411	03.949
19.99	20.01	0.014428	04.049
19.99	20.01	0.014444	04.153
19.99	20.01	0.014461	04.248
19.99	20.01	0.014478	04.348
19.99	20.01	0.014494	04.452
19.99	20.01	0.014511	04.547
19.99	20.01	0.014528	04.646
19.99	20.01	0.014544	04.751
19.99	20.01	0.014561	04.845
19.99	20.01	0.014577	04.945
19.99	20.01	0.014594	05.050
20.01	20.01	0.014611	05.145
20.01	20.00	0.014627	05.245
20.01	20.00	0.014644	05.349
20.01	20.00	0.014661	05.443
20.01	20.00	0.014677	05.545
20.01	20.00	0.014694	05.647
20.01	20.00	0.014711	05.742
20.01	20.00	0.014727	05.844
20.01	19.99	0.014744	05.946
20.01	19.99	0.014761	06.041
20.01	19.99	0.014777	06.145
20.01	19.99	0.014794	06.245
20.01	19.99	0.014811	06.339
20.01	19.99	0.014827	06.444
20.01	19.99	0.014844	06.543
20.01	19.99	0.014861	06.638
20.01	19.99	0.014877	06.743
20.01	19.99	0.014894	06.842
20.01	19.99	0.014911	06.937
20.01	19.99	0.014927	07.041
20.01	19.99	0.014944	07.141
20.01	20.00	0.014961	07.237
20.01	20.00	0.014977	07.340
19.99	20.00	0.014994	07.440
19.99	20.00	0.015011	07.538
19.99	20.00	0.015027	07.639
19.99	20.00	0.015044	07.741
19.99	20.00	0.015061	07.838
19.99	20.00	0.015077	07.937
19.99	20.01	0.015094	08.041
19.99	20.01	0.015111	08.137
19.99	20.01	0.015127	08.238
19.99	20.01	0.015144	08.341
19.99	20.01	0.015161	08.439
19.99	20.01	0.015177	08.539
19.99	20.01	0.015194	08.641
19.99	20.01	0.015211	08.739
19.99	20.01	0.015227	08.838
19.99	20.01	0.015244	08.941
19.99	20.01	0.015261	09.038
19.99	20.01	0.015277	09.139
19.99	20.01	0.015294	09.242
19.99	20.00	0.015311	09.338
19.99	20.00	0.015327	09.439
20.01	20.00	0.015344	09.541
20.01	20.00	0.015361	09.639
20.01	20.00	0.015377	09.738
20.01	20.00	0.015394	09.841
20.01	20.00	0.015410	09.939
20.01	19.99	0.015427	10.038
20.01	19.99	0.015444	10.141
20.01	19.99	0.015460	10.239
20.01	19.99	0.015477	10.338
20.01	19.99	0.015494	10.441
20.01	19.99	0.015510	10.539
20.01	19.99	0.015527	10.638
20.01	19.99	0.015544	10.742
20.01	19.99	0.015560	10.839
20.01	19.99	0.015577	10.937
20.01	19.99	0.015594	11.042
20.01	19.99	0.015610	11.138
20.01	19.99	0.015627	11.239
20.01	20.00	0.015644	11.341
20.01	20.00	0.015660	11.439
19.99	20.00	0.015677	11.538
19.99	20.00	0.015694	11.642
19.99	20.00	0.015710	11.739
19.99	20.00	0.015727	11.838
19.99	20.00	0.015744	11.942
19.99	20.00	0.015760	12.038
19.99	20.01	0.015777	12.138
19.99	20.01	0.015794	12.242
19.99	20.01	0.015810	12.338
19.99	20.01	0.015827	12.439
19.99	20.01	0.015844	12.542
19.99	20.01	0.015860	12.638
19.99	20.01	0.015877	12.763
19.99	20.01	0.015894	12.842
19.99	20.01	0.015910	12.967
19.99	20.01	0.015927	13.061
19.99	20.01	0.015944	13.166
19.99	20.01	0.015960	13.265
19.99	20.01	0.015977	13.360
19.99	20.00	0.015994	13.464
19.99	20.00	0.016010	13.564
20.01	20.00	0.016027	13.659
20.01	20.00	0.016044	13.763
20.01	20.00	0.016060	13.862
20.01	20.00	0.016077	13.957
20.01	20.00	0.016094	14.061
20.01	19.99	0.016110	14.156
20.01	19.99	0.016127	14.256
20.01	19.99	0.016144	14.360
20.01	19.99	0.016160	14.455
20.01	19.99	0.016177	14.554
20.01	19.99	0.016194	14.660
20.01	19.99	0.016210	14.754
20.01	19.99	0.016227	14.854
20.01	19.99	0.016244	14.958
20.01	19.99	0.016260	15.052
20.01	19.99	0.016277	15.153
20.01	19.99	0.016293	15.257
20.01	19.99	0.016310	15.351
20.01	20.00	0.016327	15.451
20.01	20.00	0.016343	15.555
20.01	20.00	0.016360	15.650
19.99	20.00	0.016377	15.749
19.99	20.00	0.016393	15.854
19.99	20.00	0.016410	15.949
19.99	20.00	0.016427	16.048
19.99	20.00	0.016443	16.153
19.99	20.01	0.016460	16.247
19.99	20.01	0.016477	16.348
19.99	20.01	0.016493	16.451
19.99	20.01	0.016510	16.546
19.99	20.01	0.016527	16.648
19.99	20.01	0.016543	16.750
19.99	20.01	0.016560	16.845
19.99	20.01	0.016577	16.947
19.99	20.01	0.016593	17.049
19.99	20.01	0.016610	17.143
19.99	20.01	0.016627	17.248
19.99	20.01	0.016643	17.347
19.99	20.01	0.016660	17.442
19.99	20.00	0.016677	17.547
19.99	20.00	0.016693	17.646
20.01	20.00	0.016710	17.741
20.01	20.00	0.016727	17.845
20.01	20.00	0.016743	17.945
20.01	20.00	0.016760	18.039
20.01	20.00	0.016777	18.144
20.01	19.99	0.016793	18.244
20.01	19.99	0.016810	18.340
20.01	19.99	0.016827	18.443
20.01	19.99	0.016843	18.543
20.01	19.99	0.016860	18.640
20.01	19.99	0.016877	18.742
20.01	19.99	0.016893	18.844
20.01	19.99	0.016910	18.938
20.01	19.99	0.016927	19.040
20.01	19.99	0.016943	19.144
20.01	19.99	0.016960	19.239
20.01	19.99	0.016977	19.340
20.01	19.99	0.016993	19.443
19.99	20.00	0.017010	19.540
19.99	20.00	0.017027	19.640
19.99	20.00	0.017043	19.744
19.99	20.00	0.017060	19.840
19.99	20.00	0.017077	19.943
19.99	20.00	0.017093	20.044
19.99	20.00	0.017110	20.142
19.99	20.00	0.017126	20.243
19.99	20.01	0.017143	20.344
19.99	20.01	0.017160	20.443
19.99	20.01	0.017176	20.542
19.99	20.01	0.017193	20.644
19.99	20.01	0.017210	20.742
19.99	20.01	0.017226	20.842
19.99	20.01	0.017243	20.944
19.99	20.01	0.017260	21.042
19.99	20.01	0.017276	21.143
19.99	20.01	0.017293	21.244
19.99	20.01	0.017310	21.343
19.99	20.01	0.017326	21.442
19.99	20.01	0.017343	21.544
19.99	20.00	0.017360	21.643
20.01	20.00	0.017376	21.743
20.01	20.00	0.017393	21.845
20.01	20.00	0.017410	21.942
20.01	20.00	0.017426	22.043
20.01	20.00	0.017443	22.144
20.01	20.00	0.017460	22.243
20.01	19.99	0.017476	22.342
20.01	19.99	0.017493	22.445
20.01	19.99	0.017510	22.543
20.01	19.99	0.017526	22.642
20.01	19.99	0.017543	22.745
20.01	19.99	0.017560	22.841
20.01	19.99	0.017576	22.943
20.01	19.99	0.017593	23.044
20.01	19.99	0.017610	23.143
20.01	19.99	0.017626	23.242
20.01	19.99	0.017643	23.345
20.01	19.99	0.017660	23.443
20.01	19.99	0.017676	23.542
20.01	20.00	0.017693	23.645
20.01	20.00	0.017710	23.771
20.01	20.00	0.017726	23.866
19.99	20.00	0.017743	23.944
19.99	20.00	0.017760	24.070
19.99	20.00	0.017776	24.164
19.99	20.00	0.017793	24.269
19.99	20.00	0.017810	24.369
19.99	20.01	0.017826	24.463
19.99	20.01	0.017843	24.568
19.99	20.01	0.017860	24.667
19.99	20.01	0.017876	24.762
19.99	20.01	0.017893	24.866
19.99	20.01	0.017910	24.966
19.99	20.01	0.017926	25.060
19.99	20.01	0.017943	25.165
19.99	20.01	0.017959	25.260
19.99	20.01	0.017976	25.359
19.99	20.01	0.017993	25.464
19.99	20.01	0.018009	25.558
19.99	20.01	0.018026	25.658
19.99	20.00	0.018043	25.762
20.01	20.00	0.018059	25.857
20.01	20.00	0.018076	25.957
20.01	20.00	0.018093	26.061
20.01	20.00	0.018109	26.156
20.01	20.00	0.018126	26.255
20.01	20.00	0.018143	26.359
20.01	19.99	0.018159	26.454
20.01	19.99	0.018176	26.553
20.01	19.99	0.018193	26.658
20.01	19.99	0.018209	26.753
20.01	19.99	0.018226	26.852
20.01	19.99	0.018243	26.957
20.01	19.99	0.018259	27.051
20.01	19.99	0.018276	27.151
20.01	19.99	0.018293	27.256
20.01	19.99	0.018309	27.351
20.01	19.99	0.018326	27.451
20.01	19.99	0.018343	27.555
20.01	19.99	0.018359	27.649
20.01	20.00	0.018376	27.750
20.01	20.00	0.018393	27.853
20.01	20.00	0.018409	27.947
19.99	20.00	0.018426	28.050
19.99	20.00	0.018443	28.152
19.99	20.00	0.018459	28.246
19.99	20.00	0.018476	28.351
19.99	20.00	0.018493	28.451
19.99	20.01	0.018509	28.545
19.99	20.01	0.018526	28.649
19.99	20.01	0.018543	28.749
19.99	20.01	0.018559	28.844
19.99	20.01	0.018576	28.948
19.99	20.01	0.018593	29.048
19.99	20.01	0.018609	29.145
19.99	20.01	0.018626	29.248
19.99	20.01	0.018643	29.346
19.99	20.01	0.018659	29.446
19.99	20.01	0.018676	29.546
19.99	20.01	0.018693	29.646
19.99	20.01	0.018709	29.745
19.99	20.00	0.018726	29.846
20.01	20.00	0.018743	29.947
20.01	20.00	0.018759	30.044
20.01	20.00	0.018776	30.146
20.01	20.00	0.018792	30.246
20.01	20.00	0.018809	30.346
20.01	20.00	0.018826	30.445
20.01	19.99	0.018842	30.546
20.01	19.99	0.018859	30.646
20.01	19.99	0.018876	30.745
20.01	19.99	0.018892	30.847
20.01	19.99	0.018909	30.944
20.01	19.99	0.018926	31.046
20.01	19.99	0.018942	31.146
20.01	19.99	0.018959	31.246
20.01	19.99	0.018976	31.345
20.01	19.99	0.018992	31.447
20.01	19.99	0.019009	31.546
20.01	19.99	0.019026	31.645
19.99	19.99	0.019042	31.747
19.99	20.00	0.019059	31.845
19.99	20.00	0.019076	31.946
19.99	20.00	0.019092	32.046
19.99	20.00	0.019109	32.146
19.99	20.00	0.019126	32.246
19.99	20.00	0.019142	32.347
19.99	20.00	0.019159	32.446
19.99	20.00	0.019176	32.545
19.99	20.01	0.019192	32.647
19.99	20.01	0.019209	32.745
19.99	20.01	0.019226	32.846
19.99	20.01	0.019242	32.947
19.99	20.01	0.019259	33.046
19.99	20.01	0.019276	33.146
19.99	20.01	0.019292	33.247
19.99	20.01	0.019309	33.346
19.99	20.01	0.019326	33.445
19.99	20.01	0.019342	33.547
19.99	20.01	0.019359	33.645
19.99	20.01	0.019376	33.746
19.99	20.01	0.019392	33.847
20.01	20.00	0.019409	33.945
20.01	20.00	0.019426	34.046
20.01	20.00	0.019442	34.147
20.01	20.00	0.019459	34.246
20.01	20.00	0.019476	34.345
20.01	20.00	0.019492	34.448
20.01	20.00	0.019509	34.545
20.01	19.99	0.019526	34.670
20.01	19.99	0.019542	34.748
20.01	19.99	0.019559	34.874
20.01	19.99	0.019576	34.969
20.01	19.99	0.019592	35.047
20.01	19.99	0.019609	35.173
20.01	19.99	0.019625	35.267
20.01	19.99	0.019642	35.372
20.01	19.99	0.019659	35.471
20.01	19.99	0.019675	35.566
20.01	19.99	0.019692	35.670
20.01	19.99	0.019709	35.770
20.01	19.99	0.019725	35.865
20.01	20.00	0.019742	35.969
19.99	20.00	0.019759	36.069
19.99	20.00	0.019775	36.163
19.99	20.00	0.019792	36.268
19.99	20.00	0.019809	36.362
19.99	20.00	0.019825	36.462
19.99	20.00	0.019842	36.567
19.99	20.00	0.019859	36.661
19.99	20.01	0.019875	36.761
19.99	20.01	0.019892	36.865
19.99	20.01	0.019909	36.960
19.99	20.01	0.019925	37.059
19.99	20.01	0.019942	37.164
19.99	20.01	0.019959	37.258
19.99	20.01	0.019975	37.358
19.99	20.01	0.019992	37.463
19.99	20.01	0.020009	37.557
19.99	20.01	0.020025	37.657
19.99	20.01	0.020042	37.761
19.99	20.01	0.020059	37.856
19.99	20.01	0.020075	37.955
19.99	20.00	0.020092	38.060
20.01	20.00	0.020109	38.155
20.01	20.00	0.020125	38.254
20.01	20.00	0.020142	38.359
20.01	20.00	0.020159	38.453
20.01	20.00	0.020175	38.553
20.01	20.00	0.020192	38.657
20.01	19.99	0.020209	38.752
20.01	19.99	0.020225	38.853
20.01	19.99	0.020242	38.956
20.01	19.99	0.020259	39.051
20.01	19.99	0.020275	39.153
20.01	19.99	0.020292	39.255
20.01	19.99	0.020309	39.349
20.01	19.99	0.020325	39.453
20.01	19.99	0.020342	39.553
20.01	19.99	0.020359	39.648
20.01	19.99	0.020375	39.752
20.01	19.99	0.020392	39.852
20.01	19.99	0.020409	39.947
20.01	20.00	0.020425	40.051
20.01	20.00	0.020442	40.151
20.01	20.00	0.020458	40.246
20.01	20.00	0.020475	40.350
19.99	20.00	0.020492	40.449
19.99	20.00	0.020508	40.547
19.99	20.00	0.020525	40.649
19.99	20.00	0.020542	40.749
19.99	20.01	0.020558	40.846
19.99	20.01	0.020575	40.948
19.99	20.01	0.020592	41.049
19.99	20.01	0.020608	41.146
19.99	20.01	0.020625	41.247
19.99	20.01	0.020642	41.349
19.99	20.01	0.020658	41.447
19.99	20.01	0.020675	41.547
19.99	20.01	0.020692	41.649
19.99	20.01	0.020708	41.747
19.99	20.01	0.020725	41.846
19.99	20.01	0.020742	41.950
19.99	20.01	0.020758	42.046
19.99	20.00	0.020775	42.147
20.01	20.00	0.020792	42.250
20.01	20.00	0.020808	42.348
20.01	20.00	0.020825	42.448
20.01	20.00	0.020842	42.549
20.01	20.00	0.020858	42.648
20.01	20.00	0.020875	42.747
20.01	19.99	0.020892	42.850
20.01	19.99	0.020908	42.946
20.01	19.99	0.020925	43.047
20.01	19.99	0.020942	43.150
20.01	19.99	0.020958	43.247
20.01	19.99	0.020975	43.348
20.01	19.99	0.020992	43.449
20.01	19.99	0.021008	43.548
20.01	19.99	0.021025	43.647
20.01	19.99	0.021042	43.750
20.01	19.99	0.021058	43.847
20.01	19.99	0.021075	43.948
20.01	19.99	0.021092	44.050
20.01	20.00	0.021108	44.146
20.01	20.00	0.021125	44.248
19.99	20.00	0.021142	44.350
19.99	20.00	0.021158	44.448
19.99	20.00	0.021175	44.547
19.99	20.00	0.021192	44.650
19.99	20.00	0.021208	44.748
19.99	20.00	0.021225	44.847
19.99	20.01	0.021242	44.951
19.99	20.01	0.021258	45.047
19.99	20.01	0.021275	45.147
19.99	20.01	0.021291	45.250
19.99	20.01	0.021308	45.349
19.99	20.01	0.021325	45.448
19.99	20.01	0.021341	45.550
19.99	20.01	0.021358	45.649
19.99	20.01	0.021375	45.748
19.99	20.01	0.021391	45.851
19.99	20.01	0.021408	45.977
19.99	20.01	0.021425	46.071
19.99	20.01	0.021441	46.150
20.01	20.00	0.021458	46.276
20.01	20.00	0.021475	46.370
20.01	20.00	0.021491	46.475
20.01	20.00	0.021508	46.575
20.01	20.00	0.021525	46.669
20.01	20.00	0.021541	46.774
20.01	20.00	0.021558	46.873
20.01	19.99	0.021575	46.967
20.01	19.99	0.021591	47.072
20.01	19.99	0.021608	47.172
20.01	19.99	0.021625	47.266
20.01	19.99	0.021641	47.371
20.01	19.99	0.021658	47.466
20.01	19.99	0.021675	47.565
20.01	19.99	0.021691	47.670
20.01	19.99	0.021708	47.764
20.01	19.99	0.021725	47.864
20.01	19.99	0.021741	47.968
20.01	19.99	0.021758	48.063
20.01	19.99	0.021775	48.163
20.01	20.00	0.021791	48.267
20.01	20.00	0.021808	48.362
20.01	20.00	0.021825	48.461
20.01	20.00	0.021841	48.566
19.99	20.00	0.021858	48.660
19.99	20.00	0.021875	48.760
19.99	20.00	0.021891	48.864
19.99	20.00	0.021908	48.959
19.99	20.01	0.021925	49.059
19.99	20.01	0.021941	49.163
19.99	20.01	0.021958	49.258
19.99	20.01	0.021975	49.357
19.99	20.01	0.021991	49.462
19.99	20.01	0.022008	49.556
19.99	20.01	0.022025	49.656
19.99	20.01	0.022041	49.761
19.99	20.01	0.022058	49.855
19.99	20.01	0.022075	49.956
19.99	20.01	0.022091	50.059
19.99	20.01	0.022108	50.154
19.99	20.01	0.022124	50.255
19.99	20.00	0.022141	50.358
19.99	20.00	0.022158	50.453
19.99	20.00	0.022174	50.556
19.99	20.00	0.022191	50.657
20.01	20.00	0.022208	50.752
20.01	20.00	0.022224	50.856
20.01	20.00	0.022241	50.956
20.01	19.99	0.022258	51.050
20.01	19.99	0.022274	51.155
20.01	19.99	0.022291	51.255
20.01	19.99	0.022308	51.349
20.01	19.99	0.022324	51.454
20.01	19.99	0.022341	51.553
20.01	19.99	0.022358	51.650
20.01	19.99	0.022374	51.752
20.01	19.99	0.022391	51.852
20.01	19.99	0.022408	51.948
20.01	19.99	0.022424	52.051
19.99	19.99	0.022441	52.152
19.99	19.99	0.022458	52.250
19.99	20.00	0.022474	52.351
19.99	20.00	0.022491	52.452
19.99	20.00	0.022508	52.551
19.99	20.00	0.022524	52.650
19.99	20.00	0.022541	52.752
19.99	20.00	0.022558	52.850
19.99	20.00	0.022574	52.950
19.99	20.00	0.022591	53.052
19.99	20.01	0.022608	53.149
19.99	20.01	0.022624	53.251
19.99	20.01	0.022641	53.352
19.99	20.01	0.022658	53.451
19.99	20.01	0.022674	53.550
19.99	20.01	0.022691	53.652
19.99	20.01	0.022708	53.751
19.99	20.01	0.022724	53.852
19.99	20.01	0.022741	53.953
19.99	20.01	0.022758	54.050
19.99	20.01	0.022774	54.152
20.01	20.01	0.022791	54.252
20.01	20.01	0.022808	54.351
20.01	20.00	0.022824	54.452
20.01	20.00	0.022841	54.553
20.01	20.00	0.022858	54.651
20.01	20.00	0.022874	54.752
20.01	20.00	0.022891	54.852
20.01	20.00	0.022908	54.952
20.01	20.00	0.022924	55.050
20.01	19.99	0.022941	55.153
20.01	19.99	0.022957	55.251
20.01	19.99	0.022974	55.352
20.01	19.99	0.022991	55.453
20.01	19.99	0.023007	55.552
20.01	19.99	0.023024	55.651
20.01	19.99	0.023041	55.753
20.01	19.99	0.023057	55.851
20.01	19.99	0.023074	55.951
20.01	19.99	0.023091	56.053
20.01	19.99	0.023107	56.152
20.01	19.99	0.023124	56.252
20.01	19.99	0.023141	56.353
19.99	20.00	0.023157	56.452
19.99	20.00	0.023174	56.551
19.99	20.00	0.023191	56.653
19.99	20.00	0.023207	56.751
19.99	20.00	0.023224	56.876
19.99	20.00	0.023241	56.953
19.99	20.00	0.023257	57.080
19.99	20.00	0.023274	57.175
19.99	20.01	0.023291	57.253
19.99	20.01	0.023307	57.379
19.99	20.01	0.023324	57.473
19.99	20.01	0.023341	57.578
19.99	20.01	0.023357	57.677
19.99	20.01	0.023374	57.772
19.99	20.01	0.023391	57.876
19.99	20.01	0.023407	57.976
19.99	20.01	0.023424	58.070
19.99	20.01	0.023441	58.175
19.99	20.01	0.023457	58.274
19.99	20.01	0.023474	58.369
19.99	20.01	0.023491	58.473
19.99	20.00	0.023507	58.568
19.99	20.00	0.023524	58.667
19.99	20.00	0.023541	58.772
20.01	20.00	0.023557	58.868
20.01	20.00	0.023574	58.967
20.01	20.00	0.023591	59.072
20.01	20.00	0.023607	59.166
20.01	19.99	0.023624	59.266
20.01	19.99	0.023641	59.370
20.01	19.99	0.023657	59.465
20.01	19.99	0.023674	59.564
20.01	19.99	0.023691	59.669
20.01	19.99	0.023707	59.764
20.01	19.99	0.023724	59.863
20.01	19.99	0.023741	59.968
20.01	19.99	0.023757	00.062
20.01	19.99	0.023774	00.162
20.01	19.99	0.023790	00.266
20.01	19.99	0.023807	00.361
19.99	19.99	0.023824	00.460
19.99	20.00	0.023840	00.565
19.99	20.00	0.023857	00.659
19.99	20.00	0.023874	00.759
19.99	20.00	0.023890	00.863
19.99	20.00	0.023907	00.958
19.99	20.00	0.023924	01.058
19.99	20.00	0.023940	01.162
19.99	20.00	0.023957	01.257
19.99	20.01	0.023974	01.358
19.99	20.01	0.023990	01.461
19.99	20.01	0.024007	01.555
19.99	20.01	0.024024	01.659
19.99	20.01	0.024040	01.759
19.99	20.01	0.024057	01.854
19.99	20.01	0.024074	01.959
19.99	20.01	0.024090	02.058
19.99	20.01	0.024107	02.153
20.01	20.01	0.024124	02.257
20.01	20.01	0.024140	02.357
20.01	20.01	0.024157	02.451
20.01	20.01	0.024174	02.556
20.01	20.00	0.024190	02.656
20.01	20.00	0.024207	02.752
20.01	20.00	0.024224	02.856
20.01	20.00	0.024240	02.955
20.01	20.00	0.024257	03.051
20.01	20.00	0.024274	03.154
20.01	20.00	0.024290	03.255
20.01	19.99	0.024307	03.351
20.01	19.99	0.024324	03.453
20.01	19.99	0.024340	03.554
20.01	19.99	0.024357	03.652
20.01	19.99	0.024374	03.752
20.01	19.99	0.024390	03.855
20.01	19.99	0.024407	03.952
20.01	19.99	0.024424	04.050
20.01	19.99	0.024440	04.155
20.01	19.99	0.024457	04.251
20.01	19.99	0.024474	04.352
19.99	19.99	0.024490	04.456
19.99	19.99	0.024507	04.551
19.99	20.00	0.024524	04.652
19.99	20.00	0.024540	04.755
19.99	20.00	0.024557	04.852
19.99	20.00	0.024574	04.950
19.99	20.00	0.024590	05.055
19.99	20.00	0.024607	05.151
19.99	20.00	0.024623	05.252
19.99	20.00	0.024640	05.356
19.99	20.01	0.024657	05.451
19.99	20.01	0.024673	05.552
19.99	20.01	0.024690	05.655
19.99	20.01	0.024707	05.752
19.99	20.01	0.024723	05.851
19.99	20.01	0.024740	05.955
19.99	20.01	0.024757	06.051
19.99	20.01	0.024773	06.151
19.99	20.01	0.024790	06.256
19.99	20.01	0.024807	06.351
19.99	20.01	0.024823	06.452
19.99	20.01	0.024840	06.555
19.99	20.01	0.024857	06.651
19.99	20.00	0.024873	06.752
19.99	20.00	0.024890	06.856
20.01	20.00	0.024907	06.951
20.01	20.00	0.024923	07.052
20.01	20.00	0.024940	07.150
20.01	20.00	0.024957	07.252
20.01	20.00	0.024973	07.351
20.01	19.99	0.024990	07.456
20.01	19.99	0.025007	07.551
20.01	19.99	0.025023	07.652
20.01	19.99	0.025040	07.756
20.01	19.99	0.025057	07.851
20.01	19.99	0.025073	07.951
20.01	19.99	0.025090	08.050
20.01	19.99	0.025107	08.151
20.01	19.99	0.025123	08.251
20.01	19.99	0.025140	08.356
20.01	19.99	0.025157	08.451
20.01	19.99	0.025173	08.576
20.01	19.99	0.025190	08.651
20.01	20.00	0.025207	08.750
20.01	20.00	0.025223	08.875
19.99	20.00	0.025240	08.979
19.99	20.00	0.025257	09.079
19.99	20.00	0.025273	09.173
19.99	20.00	0.025290	09.278
19.99	20.00	0.025307	09.377
19.99	20.00	0.025323	09.472
19.99	20.01	0.025340	09.577
19.99	20.01	0.025357	09.676
19.99	20.01	0.025373	09.771
19.99	20.01	0.025390	09.875
19.99	20.01	0.025407	09.970
19.99	20.01	0.025423	10.069
19.99	20.01	0.025440	10.174
19.99	20.01	0.025456	10.268
19.99	20.01	0.025473	10.368
19.99	20.01	0.025490	10.473
19.99	20.01	0.025506	10.567
19.99	20.01	0.025523	10.667
19.99	20.01	0.025540	10.771
20.01	20.00	0.025556	10.867
20.01	20.00	0.025573	10.966
20.01	20.00	0.025590	11.070
20.01	20.00	0.025606	11.165
20.01	20.00	0.025623	11.265
20.01	20.00	0.025640	11.370
20.01	20.00	0.025656	11.464
20.01	19.99	0.025673	11.564
20.01	19.99	0.025690	11.668
20.01	19.99	0.025706	11.762
20.01	19.99	0.025723	11.862
20.01	19.99	0.025740	11.967
20.01	19.99	0.025756	12.061
20.01	19.99	0.025773	12.162
20.01	19.99	0.025790	12.265
20.01	19.99	0.025806	12.360
20.01	19.99	0.025823	12.461
20.01	19.99	0.025840	12.564
20.01	19.99	0.025856	12.659
20.01	19.99	0.025873	12.762
19.99	20.00	0.025890	12.863
19.99	20.00	0.025906	12.957
19.99	20.00	0.025923	13.062
19.99	20.00	0.025940	13.161
19.99	20.00	0.025956	13.256
19.99	20.00	0.025973	13.360
19.99	20.00	0.025990	13.460
19.99	20.00	0.026006	13.555
19.99	20.01	0.026023	13.659
19.99	20.01	0.026040	13.759
19.99	20.01	0.026056	13.853
19.99	20.01	0.026073	13.958
19.99	20.01	0.026090	14.057
19.99	20.01	0.026106	14.152
19.99	20.01	0.026123	14.256
19.99	20.01	0.026140	14.352
19.99	20.01	0.026156	14.452
19.99	20.01	0.026173	14.555
19.99	20.01	0.026190	14.651
19.99	20.01	0.026206	14.752
19.99	20.01	0.026223	14.854
19.99	20.00	0.026240	14.951
20.01	20.00	0.026256	15.051
20.01	20.00	0.026273	15.153
20.01	20.00	0.026289	15.252
20.01	20.00	0.026306	15.351
20.01	20.00	0.026323	15.451
20.01	20.00	0.026339	15.552
20.01	19.99	0.026356	15.651
20.01	19.99	0.026373	15.752
20.01	19.99	0.026389	15.852
20.01	19.99	0.026406	15.952
20.01	19.99	0.026423	16.052
20.01	19.99	0.026439	16.150
20.01	19.99	0.026456	16.252
20.01	19.99	0.026473	16.351
20.01	19.99	0.026489	16.452
20.01	19.99	0.026506	16.551
20.01	19.99	0.026523	16.652
20.01	19.99	0.026539	16.752
20.01	19.99	0.026556	16.851
20.01	20.00	0.026573	16.951
19.99	20.00	0.026589	17.051
19.99	20.00	0.026606	17.152
19.99	20.00	0.026623	17.251
19.99	20.00	0.026639	17.352
19.99	20.00	0.026656	17.451
19.99	20.00	0.026673	17.552
19.99	20.00	0.026689	17.652
19.99	20.01	0.026706	17.751
19.99	20.01	0.026723	17.852
19.99	20.01	0.026739	17.950
19.99	20.01	0.026756	18.051
19.99	20.01	0.026773	18.150
19.99	20.01	0.026789	18.252
19.99	20.01	0.026806	18.351
19.99	20.01	0.026823	18.452
19.99	20.01	0.026839	18.552
19.99	20.01	0.026856	18.651
19.99	20.01	0.026873	18.752
19.99	20.01	0.026889	18.851
19.99	20.01	0.026906	18.952
19.99	20.00	0.026923	19.050
20.01	20.00	0.026939	19.152
20.01	20.00	0.026956	19.252
20.01	20.00	0.026973	19.351
20.01	20.00	0.026989	19.452
20.01	20.00	0.027006	19.551
20.01	20.00	0.027023	19.652
20.01	19.99	0.027039	19.751
20.01	19.99	0.027056	19.852
20.01	19.99	0.027073	19.950
20.01	19.99	0.027089	20.051
20.01	19.99	0.027106	20.151
20.01	19.99	0.027122	20.251
20.01	19.99	0.027139	20.352
20.01	19.99	0.027156	20.451
20.01	19.99	0.027172	20.575
20.01	19.99	0.027189	20.680
20.01	19.99	0.027206	20.780
20.01	19.99	0.027222	20.874
20.01	19.99	0.027239	20.979
19.99	20.00	0.027256	21.074
19.99	20.00	0.027272	21.173
19.99	20.00	0.027289	21.278
19.99	20.00	0.027306	21.372
19.99	20.00	0.027322	21.472
19.99	20.00	0.027339	21.576
19.99	20.00	0.027356	21.671
19.99	20.00	0.027372	21.770
19.99	20.01	0.027389	21.875
19.99	20.01	0.027406	21.970
19.99	20.01	0.027422	22.069
19.99	20.01	0.027439	22.173
19.99	20.01	0.027456	22.268
19.99	20.01	0.027472	22.367
19.99	20.01	0.027489	22.472
19.99	20.01	0.027506	22.566
19.99	20.01	0.027522	22.666
19.99	20.01	0.027539	22.771
19.99	20.01	0.027556	22.865
19.99	20.01	0.027572	22.965
19.99	20.01	0.027589	23.069
19.99	20.00	0.027606	23.164
19.99	20.00	0.027622	23.264
20.01	20.00	0.027639	23.369
20.01	20.00	0.027656	23.464
20.01	20.00	0.027672	23.564
20.01	20.00	0.027689	23.668
20.01	20.00	0.027706	23.762
20.01	19.99	0.027722	23.865
20.01	19.99	0.027739	23.966
20.01	19.99	0.027756	24.061
20.01	19.99	0.027772	24.165
20.01	19.99	0.027789	24.265
20.01	19.99	0.027806	24.360
20.01	19.99	0.027822	24.464
20.01	19.99	0.027839	24.564
20.01	19.99	0.027856	24.658
20.01	19.99	0.027872	24.763
20.01	19.99	0.027889	24.862
20.01	19.99	0.027906	24.956
20.01	19.99	0.027922	25.062
20.01	20.00	0.027939	25.161
20.01	20.00	0.027955	25.256
20.01	20.00	0.027972	25.360
19.99	20.00	0.027989	25.455
19.99	20.00	0.028005	25.554
19.99	20.00	0.028022	25.659
19.99	20.00	0.028039	25.753
19.99	20.00	0.028055	25.853
19.99	20.01	0.028072	25.957
19.99	20.01	0.028089	26.051
19.99	20.01	0.028105	26.152
19.99	20.01	0.028122	26.256
19.99	20.01	0.028139	26.352
19.99	20.01	0.028155	26.452
19.99	20.01	0.028172	26.555
19.99	20.01	0.028189	26.652
19.99	20.01	0.028205	26.751
19.99	20.01	0.028222	26.854
19.99	20.01	0.028239	26.951
19.99	20.01	0.028255	27.051
19.99	20.01	0.028272	27.152
19.99	20.00	0.028289	27.252
20.01	20.00	0.028305	27.352
20.01	20.00	0.028322	27.451
20.01	20.00	0.028339	27.552
20.01	20.00	0.028355	27.651
20.01	20.00	0.028372	27.752
20.01	20.00	0.028389	27.851
20.01	19.99	0.028405	27.951
20.01	19.99	0.028422	28.051
20.01	19.99	0.028439	28.151
20.01	19.99	0.028455	28.252
20.01	19.99	0.028472	28.351
20.01	19.99	0.028489	28.452
20.01	19.99	0.028505	28.551
20.01	19.99	0.028522	28.652
20.01	19.99	0.028539	28.751
20.01	19.99	0.028555	28.852
20.01	19.99	0.028572	28.952
20.01	19.99	0.028589	29.050
20.01	19.99	0.028605	29.151
20.01	20.00	0.028622	29.251
20.01	20.00	0.028639	29.352
20.01	20.00	0.028655	29.451
19.99	20.00	0.028672	29.552
19.99	20.00	0.028689	29.651
19.99	20.00	0.028705	29.752
19.99	20.00	0.028722	29.852
19.99	20.00	0.028739	29.951
19.99	20.01	0.028755	30.051
19.99	20.01	0.028772	30.150
19.99	20.01	0.028788	30.252
19.99	20.01	0.028805	30.351
19.99	20.01	0.028822	30.452
19.99	20.01	0.028838	30.552
19.99	20.01	0.028855	30.651
19.99	20.01	0.028872	30.752
19.99	20.01	0.028888	30.851
19.99	20.01	0.028905	30.951
19.99	20.01	0.028922	31.050
19.99	20.01	0.028938	31.151
19.99	20.01	0.028955	31.251
20.01	20.00	0.028972	31.352
20.01	20.00	0.028988	31.452
20.01	20.00	0.029005	31.551
20.01	20.00	0.029022	31.652
20.01	20.00	0.029038	31.751
20.01	20.00	0.029055	31.852
20.01	20.00	0.029072	31.950
20.01	19.99	0.029088	32.052
20.01	19.99	0.029105	32.151
20.01	19.99	0.029122	32.276
20.01	19.99	0.029138	32.381
20.01	19.99	0.029155	32.475
20.01	19.99	0.029172	32.575
20.01	19.99	0.029188	32.679
20.01	19.99	0.029205	32.774
20.01	19.99	0.029222	32.873
20.01	19.99	0.029238	32.978
20.01	19.99	0.029255	33.072
20.01	19.99	0.029272	33.172
19.99	19.99	0.029288	33.276
19.99	20.00	0.029305	33.371
19.99	20.00	0.029322	33.470
19.99	20.00	0.029338	33.575
19.99	20.00	0.029355	33.669
19.99	20.00	0.029372	33.769
19.99	20.00	0.029388	33.874
19.99	20.00	0.029405	33.968
19.99	20.00	0.029422	34.068
19.99	20.01	0.029438	34.173
19.99	20.01	0.029455	34.267
19.99	20.01	0.029472	34.367
19.99	20.01	0.029488	34.471
19.99	20.01	0.029505	34.565
19.99	20.01	0.029522	34.667
19.99	20.01	0.029538	34.770
19.99	20.01	0.029555	34.865
19.99	20.01	0.029572	34.968
19.99	20.01	0.029588	35.069
19.99	20.01	0.029605	35.164
19.99	20.01	0.029621	35.267
19.99	20.01	0.029638	35.368
19.99	20.00	0.029655	35.463
19.99	20.00	0.029671	35.567
20.01	20.00	0.029688	35.667
20.01	20.00	0.029705	35.761
20.01	20.00	0.029721	35.866
20.01	20.00	0.029738	35.965
20.01	20.00	0.029755	36.060
20.01	19.99	0.029771	36.164
20.01	19.99	0.029788	36.264
20.01	19.99	0.029805	36.359
20.01	19.99	0.029821	36.463
20.01	19.99	0.029838	36.558
20.01	19.99	0.029855	36.657
20.01	19.99	0.029871	36.762
20.01	19.99	0.029888	36.856
20.01	19.99	0.029905	36.956
20.01	19.99	0.029921	37.061
20.01	19.99	0.029938	37.155
20.01	19.99	0.029955	37.255
20.01	19.99	0.029971	37.359
20.01	20.00	0.029988	37.454
19.99	20.00	0.030005	37.553
19.99	20.00	0.030021	37.658
19.99	20.00	0.030038	37.752
19.99	20.00	0.030055	37.853
19.99	20.00	0.030071	37.957
19.99	20.00	0.030088	38.051
19.99	20.00	0.030105	38.152
19.99	20.01	0.030121	38.255
19.99	20.01	0.030138	38.352
19.99	20.01	0.030155	38.453
19.99	20.01	0.030171	38.553
19.99	20.01	0.030188	38.653
19.99	20.01	0.030205	38.753
19.99	20.01	0.030221	38.852
19.99	20.01	0.030238	38.952
19.99	20.01	0.030255	39.052
19.99	20.01	0.030271	39.152
20.01	20.01	0.030288	39.252
20.01	20.01	0.030305	39.353
20.01	20.01	0.030321	39.452
20.01	20.00	0.030338	39.553
20.01	20.00	0.030355	39.653
20.01	20.00	0.030371	39.752
20.01	20.00	0.030388	39.852
20.01	20.00	0.030405	39.951
20.01	20.00	0.030421	40.052
20.01	20.00	0.030438	40.152
20.01	19.99	0.030454	40.253
20.01	19.99	0.030471	40.353
20.01	19.99	0.030488	40.454
20.01	19.99	0.030504	40.554
20.01	19.99	0.030521	40.653
20.01	19.99	0.030538	40.753
20.01	19.99	0.030554	40.854
20.01	19.99	0.030571	40.952
20.01	19.99	0.030588	41.054
20.01	19.99	0.030604	41.153
20.01	19.99	0.030621	41.254
20.01	19.99	0.030638	41.354
20.01	19.99	0.030654	41.453
20.01	20.00	0.030671	41.554
19.99	20.00	0.030688	41.653
19.99	20.00	0.030704	41.754
19.99	20.00	0.030721	41.853
19.99	20.00	0.030738	41.953
19.99	20.00	0.030754	42.054
19.99	20.00	0.030771	42.152
19.99	20.00	0.030788	42.253
19.99	20.01	0.030804	42.354
19.99	20.01	0.030821	42.453
19.99	20.01	0.030838	42.554
19.99	20.01	0.030854	42.653
19.99	20.01	0.030871	42.754
19.99	20.01	0.030888	42.854
19.99	20.01	0.030904	42.953
19.99	20.01	0.030921	43.054
19.99	20.01	0.030938	43.153
19.99	20.01	0.030954	43.254
19.99	20.01	0.030971	43.352
19.99	20.01	0.030988	43.454
19.99	20.01	0.031004	43.553
19.99	20.00	0.031021	43.678
20.01	20.00	0.031038	43.782
20.01	20.00	0.031054	43.877
20.01	20.00	0.031071	43.977
20.01	20.00	0.031088	44.081
20.01	20.00	0.031104	44.176
20.01	20.00	0.031121	44.275
20.01	19.99	0.031138	44.380
20.01	19.99	0.031154	44.474
20.01	19.99	0.031171	44.574
20.01	19.99	0.031188	44.679
20.01	19.99	0.031204	44.773
20.01	19.99	0.031221	44.873
20.01	19.99	0.031238	44.977
20.01	19.99	0.031254	45.072
20.01	19.99	0.031271	45.171
20.01	19.99	0.031287	45.276
20.01	19.99	0.031304	45.370
20.01	19.99	0.031321	45.470
20.01	19.99	0.031337	45.574
19.99	20.00	0.031354	45.669
19.99	20.00	0.031371	45.770
19.99	20.00	0.031387	45.873
19.99	20.00	0.031404	45.967
19.99	20.00	0.031421	46.070
19.99	20.00	0.031437	46.171
19.99	20.00	0.031454	46.266
19.99	20.00	0.031471	46.371
19.99	20.01	0.031487	46.470
19.99	20.01	0.031504	46.565
19.99	20.01	0.031521	46.669
19.99	20.01	0.031537	46.769
19.99	20.01	0.031554	46.864
19.99	20.01	0.031571	46.968
19.99	20.01	0.031587	47.068
19.99	20.01	0.031604	47.162
19.99	20.01	0.031621	47.268
19.99	20.01	0.031637	47.366
19.99	20.01	0.031654	47.462
19.99	20.01	0.031671	47.566
19.99	20.01	0.031687	47.661
19.99	20.00	0.031704	47.760
19.99	20.00	0.031721	47.865
19.99	20.00	0.031737	47.960
20.01	20.00	0.031754	48.059
20.01	20.00	0.031771	48.164
20.01	20.00	0.031787	48.258
20.01	20.00	0.031804	48.358
20.01	19.99	0.031821	48.462
20.01	19.99	0.031837	48.557
20.01	19.99	0.031854	48.657
20.01	19.99	0.031871	48.761
20.01	19.99	0.031887	48.856
20.01	19.99	0.031904	48.955
20.01	19.99	0.031921	49.060
20.01	19.99	0.031937	49.154
20.01	19.99	0.031954	49.254
20.01	19.99	0.031971	49.358
20.01	19.99	0.031987	49.454
20.01	19.99	0.032004	49.554
20.01	19.99	0.032021	49.657
20.01	20.00	0.032037	49.754
20.01	20.00	0.032054	49.853
20.01	20.00	0.032071	49.956
19.99	20.00	0.032087	50.053
19.99	20.00	0.032104	50.153
19.99	20.00	0.032120	50.254
19.99	20.00	0.032137	50.354
19.99	20.00	0.032154	50.454
19.99	20.01	0.032170	50.553
19.99	20.01	0.032187	50.653
19.99	20.01	0.032204	50.754
19.99	20.01	0.032220	50.852
19.99	20.01	0.032237	50.954
19.99	20.01	0.032254	51.052
19.99	20.01	0.032270	51.154
19.99	20.01	0.032287	51.254
19.99	20.01	0.032304	51.353
19.99	20.01	0.032320	51.454
19.99	20.01	0.032337	51.553
19.99	20.01	0.032354	51.654
19.99	20.01	0.032370	51.753
20.01	20.00	0.032387	51.854
20.01	20.00	0.032404	51.953
20.01	20.00	0.032420	52.052
20.01	20.00	0.032437	52.153
20.01	20.00	0.032454	52.253
20.01	20.00	0.032470	52.354
20.01	20.00	0.032487	52.453
20.01	19.99	0.032504	52.554
20.01	19.99	0.032520	52.653
20.01	19.99	0.032537	52.754
20.01	19.99	0.032554	52.854
20.01	19.99	0.032570	52.953
20.01	19.99	0.032587	53.053
20.01	19.99	0.032604	53.154
20.01	19.99	0.032620	53.253
20.01	19.99	0.032637	53.354
20.01	19.99	0.032654	53.453
20.01	19.99	0.032670	53.554
19.99	19.99	0.032687	53.654
19.99	19.99	0.032704	53.753
19.99	20.00	0.032720	53.854
19.99	20.00	0.032737	53.953
19.99	20.00	0.032754	54.052
19.99	20.00	0.032770	54.153
19.99	20.00	0.032787	54.253
19.99	20.00	0.032804	54.354
19.99	20.00	0.032820	54.454
19.99	20.00	0.032837	54.553
19.99	20.01	0.032854	54.653
19.99	20.01	0.032870	54.754
19.99	20.01	0.032887	54.853
19.99	20.01	0.032904	54.953
19.99	20.01	0.032920	55.052
19.99	20.01	0.032937	55.154
19.99	20.01	0.032953	55.278
19.99	20.01	0.032970	55.354
19.99	20.01	0.032987	55.453
19.99	20.01	0.033003	55.577
19.99	20.01	0.033020	55.677
19.99	20.01	0.033037	55.781
19.99	20.01	0.033053	55.876
20.01	20.00	0.033070	55.975
20.01	20.00	0.033087	56.080
20.01	20.00	0.033103	56.175
20.01	20.00	0.033120	56.274
20.01	20.00	0.033137	56.379
20.01	20.00	0.033153	56.473
20.01	20.00	0.033170	56.573
20.01	19.99	0.033187	56.677
20.01	19.99	0.033203	56.772
20.01	19.99	0.033220	56.873
20.01	19.99	0.033237	56.976
20.01	19.99	0.033253	57.071
20.01	19.99	0.033270	57.173
20.01	19.99	0.033287	57.275
20.01	19.99	0.033303	57.370
20.01	19.99	0.033320	57.473
20.01	19.99	0.033337	57.574
20.01	19.99	0.033353	57.668
20.01	19.99	0.033370	57.773
20.01	19.99	0.033387	57.873
20.01	20.00	0.033403	57.967
20.01	20.00	0.033420	58.072
20.01	20.00	0.033437	58.171
20.01	20.00	0.033453	58.266
20.01	20.00	0.033470	58.370
19.99	20.00	0.033487	58.470
19.99	20.00	0.033503	58.565
19.99	20.00	0.033520	58.669
19.99	20.01	0.033537	58.764
19.99	20.01	0.033553	58.863
19.99	20.01	0.033570	58.968
19.99	20.01	0.033587	59.062
19.99	20.01	0.033603	59.162
19.99	20.01	0.033620	59.266
19.99	20.01	0.033637	59.361
19.99	20.01	0.033653	59.461
19.99	20.01	0.033670	59.565
19.99	20.01	0.033687	59.660
19.99	20.01	0.033703	59.759
19.99	20.01	0.033720	59.864
19.99	20.01	0.033737	59.958
20.01	20.00	0.033753	00.058
20.01	20.00	0.033770	00.163
20.01	20.00	0.033786	00.257
20.01	20.00	0.033803	00.357
20.01	20.00	0.033820	00.461
20.01	20.00	0.033836	00.556
20.01	20.00	0.033853	00.655
20.01	19.99	0.033870	00.760
20.01	19.99	0.033886	00.855
20.01	19.99	0.033903	00.955
20.01	19.99	0.033920	01.059
20.01	19.99	0.033936	01.153
20.01	19.99	0.033953	01.255
20.01	19.99	0.033970	01.357
20.01	19.99	0.033986	01.455
20.01	19.99	0.034003	01.555
20.01	19.99	0.034020	01.656
19.99	19.99	0.034036	01.755
19.99	19.99	0.034053	01.854
19.99	19.99	0.034070	01.955
19.99	20.00	0.034086	02.053
19.99	20.00	0.034103	02.154
19.99	20.00	0.034120	02.254
19.99	20.00	0.034136	02.355
19.99	20.00	0.034153	02.455
19.99	20.00	0.034170	02.554
19.99	20.00	0.034186	02.654
19.99	20.00	0.034203	02.755
19.99	20.01	0.034220	02.854
19.99	20.01	0.034236	02.954
19.99	20.01	0.034253	03.053
19.99	20.01	0.034270	03.154
19.99	20.01	0.034286	03.255
19.99	20.01	0.034303	03.354
19.99	20.01	0.034320	03.455
19.99	20.01	0.034336	03.554
19.99	20.01	0.034353	03.655
19.99	20.01	0.034370	03.754
19.99	20.01	0.034386	03.855
19.99	20.01	0.034403	03.954
19.99	20.01	0.034420	04.054
19.99	20.00	0.034436	04.155
20.01	20.00	0.034453	04.254
20.01	20.00	0.034470	04.355
20.01	20.00	0.034486	04.454
20.01	20.00	0.034503	04.554
20.01	20.00	0.034520	04.655
20.01	20.00	0.034536	04.755
20.01	19.99	0.034553	04.855
20.01	19.99	0.034570	04.954
20.01	19.99	0.034586	05.054
20.01	19.99	0.034603	05.153
20.01	19.99	0.034619	05.254
20.01	19.99	0.034636	05.355
20.01	19.99	0.034653	05.454
20.01	19.99	0.034669	05.555
20.01	19.99	0.034686	05.654
20.01	19.99	0.034703	05.755
20.01	19.99	0.034719	05.854
20.01	19.99	0.034736	05.954
20.01	19.99	0.034753	06.054
20.01	20.00	0.034769	06.155
19.99	20.00	0.034786	06.255
19.99	20.00	0.034803	06.355
19.99	20.00	0.034819	06.454
19.99	20.00	0.034836	06.554
19.99	20.00	0.034853	06.655
19.99	20.00	0.034869	06.754
19.99	20.00	0.034886	06.855
19.99	20.01	0.034903	06.953
19.99	20.01	0.034919	07.078
19.99	20.01	0.034936	07.183
19.99	20.01	0.034953	07.278
19.99	20.01	0.034969	07.378
19.99	20.01	0.034986	07.482
19.99	20.01	0.035003	07.577
19.99	20.01	0.035019	07.676
19.99	20.01	0.035036	07.781
19.99	20.01	0.035053	07.875
19.99	20.01	0.035069	07.976
20.01	20.01	0.035086	08.079
20.01	20.01	0.035103	08.174
20.01	20.00	0.035119	08.276
20.01	20.00	0.035136	08.378
20.01	20.00	0.035153	08.473
20.01	20.00	0.035169	08.576
20.01	20.00	0.035186	08.677
20.01	20.00	0.035203	08.771
20.01	20.00	0.035219	08.876
20.01	19.99	0.035236	08.976
20.01	19.99	0.035253	09.070
20.01	19.99	0.035269	09.175
20.01	19.99	0.035286	09.274
20.01	19.99	0.035303	09.369
20.01	19.99	0.035319	09.473
20.01	19.99	0.035336	09.573
20.01	19.99	0.035353	09.667
20.01	19.99	0.035369	09.772
20.01	19.99	0.035386	09.867
20.01	19.99	0.035403	09.966
20.01	19.99	0.035419	10.071
20.01	19.99	0.035436	10.165
20.01	20.00	0.035452	10.265
20.01	20.00	0.035469	10.369
19.99	20.00	0.035486	10.464
19.99	20.00	0.035502	10.564
19.99	20.00	0.035519	10.668
19.99	20.00	0.035536	10.763
19.99	20.00	0.035552	10.862
19.99	20.00	0.035569	10.967
19.99	20.01	0.035586	11.061
19.99	20.01	0.035602	11.161
19.99	20.01	0.035619	11.265
19.99	20.01	0.035636	11.360
19.99	20.01	0.035652	11.460
19.99	20.01	0.035669	11.564
19.99	20.01	0.035686	11.659
19.99	20.01	0.035702	11.758
19.99	20.01	0.035719	11.863
19.99	20.01	0.035736	11.957
19.99	20.01	0.035752	12.057
19.99	20.01	0.035769	12.161
20.01	20.01	0.035786	12.256
20.01	20.00	0.035802	12.357
20.01	20.00	0.035819	12.460
20.01	20.00	0.035836	12.555
20.01	20.00	0.035852	12.657
20.01	20.00	0.035869	12.759
20.01	20.00	0.035886	12.853
20.01	20.00	0.035902	12.957
20.01	19.99	0.035919	13.059
20.01	19.99	0.035936	13.153
20.01	19.99	0.035952	13.257
20.01	19.99	0.035969	13.357
20.01	19.99	0.035986	13.455
20.01	19.99	0.036002	13.556
20.01	19.99	0.036019	13.656
20.01	19.99	0.036036	13.754
20.01	19.99	0.036052	13.855
20.01	19.99	0.036069	13.954
20.01	19.99	0.036086	14.053
20.01	19.99	0.036102	14.153
20.01	19.99	0.036119	14.255
19.99	20.00	0.036136	14.354
19.99	20.00	0.036152	14.455
19.99	20.00	0.036169	14.555
19.99	20.00	0.036186	14.655
19.99	20.00	0.036202	14.755
19.99	20.00	0.036219	14.854
19.99	20.00	0.036236	14.954
19.99	20.00	0.036252	15.054
19.99	20.01	0.036269	15.154
19.99	20.01	0.036285	15.254
19.99	20.01	0.036302	15.355
19.99	20.01	0.036319	15.455
19.99	20.01	0.036335	15.555
19.99	20.01	0.036352	15.654
19.99	20.01	0.036369	15.755
19.99	20.01	0.036385	15.854
19.99	20.01	0.036402	15.954
19.99	20.01	0.036419	16.054
19.99	20.01	0.036435	16.155
19.99	20.01	0.036452	16.255
19.99	20.01	0.036469	16.355
20.01	20.00	0.036485	16.455
20.01	20.00	0.036502	16.554
20.01	20.00	0.036519	16.655
20.01	20.00	0.036535	16.754
20.01	20.00	0.036552	16.855
20.01	20.00	0.036569	16.954
20.01	20.00	0.036585	17.055
20.01	19.99	0.036602	17.154
20.01	19.99	0.036619	17.254
20.01	19.99	0.036635	17.355
20.01	19.99	0.036652	17.454
20.01	19.99	0.036669	17.555
20.01	19.99	0.036685	17.655
20.01	19.99	0.036702	17.755
20.01	19.99	0.036719	17.855
20.01	19.99	0.036735	17.953
20.01	19.99	0.036752	18.054
20.01	19.99	0.036769	18.154
19.99	19.99	0.036785	18.255
19.99	19.99	0.036802	18.354
19.99	20.00	0.036819	18.455
19.99	20.00	0.036835	18.555
19.99	20.00	0.036852	18.655
19.99	20.00	0.036869	18.754
19.99	20.00	0.036885	18.884
19.99	20.00	0.036902	18.978
19.99	20.00	0.036919	19.079
19.99	20.00	0.036935	19.182
19.99	20.01	0.036952	19.277
19.99	20.01	0.036969	19.354
19.99	20.01	0.036985	19.481
19.99	20.01	0.037002	19.575
19.99	20.01	0.037019	19.654
19.99	20.01	0.037035	19.780
19.99	20.01	0.037052	19.874
19.99	20.01	0.037069	19.954
19.99	20.01	0.037085	20.078
19.99	20.01	0.037102	20.173
19.99	20.01	0.037118	20.277
19.99	20.01	0.037135	20.377
20.01	20.01	0.037152	20.472
20.01	20.00	0.037168	20.576
20.01	20.00	0.037185	20.676
20.01	20.00	0.037202	20.770
20.01	20.00	0.037218	20.875
20.01	20.00	0.037235	20.974
20.01	20.00	0.037252	21.069
20.01	20.00	0.037268	21.173
20.01	19.99	0.037285	21.268
20.01	19.99	0.037302	21.368
20.01	19.99	0.037318	21.472
20.01	19.99	0.037335	21.567
20.01	19.99	0.037352	21.666
20.01	19.99	0.037368	21.771
20.01	19.99	0.037385	21.866
20.01	19.99	0.037402	21.965
20.01	19.99	0.037418	22.070
20.01	19.99	0.037435	22.164
20.01	19.99	0.037452	22.264
20.01	19.99	0.037468	22.368
20.01	19.99	0.037485	22.463
20.01	20.00	0.037502	22.563
20.01	20.00	0.037518	22.668
20.01	20.00	0.037535	22.761
20.01	20.00	0.037552	22.862
20.01	20.00	0.037568	22.966
20.01	20.00	0.037585	23.060
19.99	20.00	0.037602	23.161
19.99	20.00	0.037618	23.265
19.99	20.01	0.037635	23.360
19.99	20.01	0.037652	23.459
19.99	20.01	0.037668	23.564
19.99	20.01	0.037685	23.659
19.99	20.01	0.037702	23.760
19.99	20.01	0.037718	23.863
19.99	20.01	0.037735	23.957
19.99	20.01	0.037752	24.060
19.99	20.01	0.037768	24.161
19.99	20.01	0.037785	24.256
19.99	20.01	0.037802	24.359
19.99	20.01	0.037818	24.460
19.99	20.01	0.037835	24.556
19.99	20.00	0.037852	24.659
20.01	20.00	0.037868	24.759
20.01	20.00	0.037885	24.854
20.01	20.00	0.037902	24.958
20.01	20.00	0.037918	25.057
20.01	20.00	0.037935	25.156
20.01	20.00	0.037951	25.256
20.01	19.99	0.037968	25.356
20.01	19.99	0.037985	25.456
20.01	19.99	0.038001	25.555
20.01	19.99	0.038018	25.655
20.01	19.99	0.038035	25.756
20.01	19.99	0.038051	25.855
20.01	19.99	0.038068	25.956
20.01	19.99	0.038085	26.055
20.01	19.99	0.038101	26.155
20.01	19.99	0.038118	26.256
20.01	19.99	0.038135	26.356
20.01	19.99	0.038151	26.455
19.99	19.99	0.038168	26.556
19.99	20.00	0.038185	26.655
19.99	20.00	0.038201	26.756
19.99	20.00	0.038218	26.856
19.99	20.00	0.038235	26.955
19.99	20.00	0.038251	27.055
19.99	20.00	0.038268	27.156
19.99	20.00	0.038285	27.255
19.99	20.00	0.038301	27.355
19.99	20.01	0.038318	27.456
19.99	20.01	0.038335	27.555
19.99	20.01	0.038351	27.656
19.99	20.01	0.038368	27.757
19.99	20.01	0.038385	27.855
19.99	20.01	0.038401	27.956
19.99	20.01	0.038418	28.056
19.99	20.01	0.038435	28.155
19.99	20.01	0.038451	28.255
19.99	20.01	0.038468	28.356
19.99	20.01	0.038485	28.455
19.99	20.01	0.038501	28.556
19.99	20.01	0.038518	28.657
19.99	20.00	0.038535	28.755
19.99	20.00	0.038551	28.856
20.01	20.00	0.038568	28.956
20.01	20.00	0.038585	29.056
20.01	20.00	0.038601	29.154
20.01	20.00	0.038618	29.257
20.01	20.00	0.038635	29.356
20.01	19.99	0.038651	29.456
20.01	19.99	0.038668	29.557
20.01	19.99	0.038685	29.655
20.01	19.99	0.038701	29.756
20.01	19.99	0.038718	29.857
20.01	19.99	0.038735	29.955
20.01	19.99	0.038751	30.054
20.01	19.99	0.038768	30.157
20.01	19.99	0.038784	30.256
20.01	19.99	0.038801	30.355
20.01	19.99	0.038818	30.457
20.01	19.99	0.038834	30.584
19.99	19.99	0.038851	30.679
19.99	20.00	0.038868	30.757
19.99	20.00	0.038884	30.883
19.99	20.00	0.038901	30.977
19.99	20.00	0.038918	31.057
19.99	20.00	0.038934	31.182
19.99	20.00	0.038951	31.276
19.99	20.00	0.038968	31.381
19.99	20.00	0.038984	31.480
19.99	20.01	0.039001	31.575
19.99	20.01	0.039018	31.679
19.99	20.01	0.039034	31.779
19.99	20.01	0.039051	31.873
19.99	20.01	0.039068	31.978
19.99	20.01	0.039084	32.078
19.99	20.01	0.039101	32.172
19.99	20.01	0.039118	32.277
19.99	20.01	0.039134	32.371
19.99	20.01	0.039151	32.471
19.99	20.01	0.039168	32.575
19.99	20.01	0.039184	32.670
20.01	20.01	0.039201	32.770
20.01	20.00	0.039218	32.874
20.01	20.00	0.039234	32.969
20.01	20.00	0.039251	33.068
20.01	20.00	0.039268	33.173
20.01	20.00	0.039284	33.267
20.01	20.00	0.039301	33.367
20.01	20.00	0.039318	33.471
20.01	19.99	0.039334	33.566
20.01	19.99	0.039351	33.666
20.01	19.99	0.039368	33.770
20.01	19.99	0.039384	33.865
20.01	19.99	0.039401	33.964
20.01	19.99	0.039418	34.069
20.01	19.99	0.039434	34.163
20.01	19.99	0.039451	34.263
20.01	19.99	0.039468	34.367
20.01	19.99	0.039484	34.462
20.01	19.99	0.039501	34.563
20.01	19.99	0.039518	34.666
20.01	19.99	0.039534	34.761
20.01	20.00	0.039551	34.862
20.01	20.00	0.039568	34.965
19.99	20.00	0.039584	35.059
19.99	20.00	0.039601	35.163
19.99	20.00	0.039617	35.264
19.99	20.00	0.039634	35.358
19.99	20.00	0.039651	35.463
19.99	20.00	0.039667	35.562
19.99	20.01	0.039684	35.658
19.99	20.01	0.039701	35.761
19.99	20.01	0.039717	35.861
19.99	20.01	0.039734	35.957
19.99	20.01	0.039751	36.061
19.99	20.01	0.039767	36.160
19.99	20.01	0.039784	36.258
19.99	20.01	0.039801	36.359
19.99	20.01	0.039817	36.459
19.99	20.01	0.039834	36.557
20.01	20.01	0.039851	36.658
20.01	20.01	0.039867	36.758
20.01	20.01	0.039884	36.858
20.01	20.00	0.039901	36.958
20.01	20.00	0.039917	37.058
20.01	20.00	0.039934	37.158
20.01	20.00	0.039951	37.257
20.01	20.00	0.039967	37.359
20.01	20.00	0.039984	37.458
20.01	20.00	0.040001	37.559
20.01	19.99	0.040017	37.659
20.01	19.99	0.040034	37.758
20.01	19.99	0.040051	37.859
20.01	19.99	0.040067	37.959
20.01	19.99	0.040084	38.058
20.01	19.99	0.040101	38.158
20.01	19.99	0.040117	38.259
20.01	19.99	0.040134	38.359
20.01	19.99	0.040151	38.459
20.01	19.99	0.040167	38.559
20.01	19.99	0.040184	38.658
20.01	19.99	0.040201	38.759
19.99	19.99	0.040217	38.859
19.99	20.00	0.040234	38.957
19.99	20.00	0.040251	39.058
19.99	20.00	0.040267	39.159
19.99	20.00	0.040284	39.259
19.99	20.00	0.040301	39.359
19.99	20.00	0.040317	39.459
19.99	20.00	0.040334	39.559
19.99	20.00	0.040351	39.658
19.99	20.01	0.040367	39.760
19.99	20.01	0.040384	39.858
19.99	20.01	0.040401	39.959
19.99	20.01	0.040417	40.060
19.99	20.01	0.040434	40.158
19.99	20.01	0.040450	40.259
19.99	20.01	0.040467	40.359
19.99	20.01	0.040484	40.459
19.99	20.01	0.040500	40.558
19.99	20.01	0.040517	40.660
19.99	20.01	0.040534	40.758
19.99	20.01	0.040550	40.859
19.99	20.01	0.040567	40.960
19.99	20.00	0.040584	41.058
19.99	20.00	0.040600	41.158
20.01	20.00	0.040617	41.260
20.01	20.00	0.040634	41.359
20.01	20.00	0.040650	41.458
20.01	20.00	0.040667	41.560
20.01	20.00	0.040684	41.687
20.01	19.99	0.040700	41.782
20.01	19.99	0.040717	41.860
20.01	19.99	0.040734	41.986
20.01	19.99	0.040750	42.081
20.01	19.99	0.040767	42.160
20.01	19.99	0.040784	42.285
20.01	19.99	0.040800	42.379
20.01	19.99	0.040817	42.484
20.01	19.99	0.040834	42.583
20.01	19.99	0.040850	42.678
20.01	19.99	0.040867	42.783
20.01	19.99	0.040884	42.882
19.99	19.99	0.040900	42.977
19.99	20.00	0.040917	43.081
19.99	20.00	0.040934	43.181
19.99	20.00	0.040950	43.275
19.99	20.00	0.040967	43.380
19.99	20.00	0.040984	43.475
19.99	20.00	0.041000	43.574
19.99	20.00	0.041017	43.679
19.99	20.00	0.041034	43.773
19.99	20.01	0.041050	43.873
19.99	20.01	0.041067	43.977
19.99	20.01	0.041084	44.071
19.99	20.01	0.041100	44.172
19.99	20.01	0.041117	44.276
19.99	20.01	0.041134	44.371
19.99	20.01	0.041150	44.470
19.99	20.01	0.041167	44.575
19.99	20.01	0.041184	44.669
19.99	20.01	0.041200	44.769
19.99	20.01	0.041217	44.873
20.01	20.01	0.041234	44.968
20.01	20.01	0.041250	45.068
20.01	20.00	0.041267	45.172
20.01	20.00	0.041283	45.267
20.01	20.00	0.041300	45.366
20.01	20.00	0.041317	45.471
20.01	20.00	0.041333	45.565
20.01	20.00	0.041350	45.665
20.01	20.00	0.041367	45.770
20.01	19.99	0.041383	45.864
20.01	19.99	0.041400	45.966
20.01	19.99	0.041417	46.068
20.01	19.99	0.041433	46.163
20.01	19.99	0.041450	46.265
20.01	19.99	0.041467	46.367
20.01	19.99	0.041483	46.462
20.01	19.99	0.041500	46.566
20.01	19.99	0.041517	46.666
20.01	19.99	0.041533	46.760
20.01	19.99	0.041550	46.865
20.01	19.99	0.041567	46.964
20.01	19.99	0.041583	47.059
20.01	20.00	0.041600	47.164
20.01	20.00	0.041617	47.264
20.01	20.00	0.041633	47.358
19.99	20.00	0.041650	47.463
19.99	20.00	0.041667	47.562
19.99	20.00	0.041683	47.659
19.99	20.00	0.041700	47.761
19.99	20.00	0.041717	47.862
19.99	20.01	0.041733	47.958
19.99	20.01	0.041750	48.060
19.99	20.01	0.041767	48.162
19.99	20.01	0.041783	48.258
19.99	20.01	0.041800	48.359
19.99	20.01	0.041817	48.461
19.99	20.01	0.041833	48.559
19.99	20.01	0.041850	48.658
19.99	20.01	0.041867	48.762
19.99	20.01	0.041883	48.859
19.99	20.01	0.041900	48.958
19.99	20.01	0.041917	49.062
19.99	20.01	0.041933	49.157
19.99	20.00	0.041950	49.259
20.01	20.00	0.041967	49.362
20.01	20.00	0.041983	49.459
20.01	20.00	0.042000	49.558
20.01	20.00	0.042017	49.662
20.01	20.00	0.042033	49.759
20.01	20.00	0.042050	49.858
20.01	19.99	0.042067	49.962
20.01	19.99	0.042083	50.058
20.01	19.99	0.042100	50.158
20.01	19.99	0.042116	50.262
20.01	19.99	0.042133	50.359
20.01	19.99	0.042150	50.458
20.01	19.99	0.042166	50.562
20.01	19.99	0.042183	50.659
20.01	19.99	0.042200	50.758
20.01	19.99	0.042216	50.862
19.99	19.99	0.042233	50.958
19.99	19.99	0.042250	51.057
19.99	19.99	0.042266	51.163
19.99	20.00	0.042283	51.258
19.99	20.00	0.042300	51.359
19.99	20.00	0.042316	51.463
19.99	20.00	0.042333	51.558
19.99	20.00	0.042350	51.659
19.99	20.00	0.042366	51.762
19.99	20.00	0.042383	51.859
19.99	20.00	0.042400	51.958
19.99	20.01	0.042416	52.063
19.99	20.01	0.042433	52.157
19.99	20.01	0.042450	52.259
19.99	20.01	0.042466	52.363
19.99	20.01	0.042483	52.458
19.99	20.01	0.042500	52.559
19.99	20.01	0.042516	52.662
19.99	20.01	0.042533	52.759
19.99	20.01	0.042550	52.858
19.99	20.01	0.042566	52.963
19.99	20.01	0.042583	53.058
19.99	20.01	0.042600	53.157
20.01	20.01	0.042616	53.263
20.01	20.00	0.042633	53.358
20.01	20.00	0.042650	53.482
20.01	20.00	0.042666	53.587
20.01	20.00	0.042683	53.687
20.01	20.00	0.042700	53.781
20.01	20.00	0.042716	53.886
20.01	20.00	0.042733	53.986
20.01	19.99	0.042750	54.080
20.01	19.99	0.042766	54.185
20.01	19.99	0.042783	54.284
20.01	19.99	0.042800	54.379
20.01	19.99	0.042816	54.483
20.01	19.99	0.042833	54.578
20.01	19.99	0.042850	54.677
20.01	19.99	0.042866	54.782
20.01	19.99	0.042883	54.877
20.01	19.99	0.042900	54.976
20.01	19.99	0.042916	55.081
20.01	19.99	0.042933	55.175
20.01	19.99	0.042949	55.275
20.01	20.00	0.042966	55.379
20.01	20.00	0.042983	55.474
19.99	20.00	0.042999	55.574
19.99	20.00	0.043016	55.678
19.99	20.00	0.043033	55.773
19.99	20.00	0.043049	55.872
19.99	20.00	0.043066	55.977
19.99	20.00	0.043083	56.071
19.99	20.01	0.043099	56.171
19.99	20.01	0.043116	56.276
19.99	20.01	0.043133	56.370
19.99	20.01	0.043149	56.470
19.99	20.01	0.043166	56.574
19.99	20.01	0.043183	56.669
19.99	20.01	0.043199	56.768
19.99	20.01	0.043216	56.873
19.99	20.01	0.043233	56.967
19.99	20.01	0.043249	57.068
19.99	20.01	0.043266	57.172
19.99	20.01	0.043283	57.266
19.99	20.01	0.043299	57.369
20.01	20.00	0.043316	57.470
20.01	20.00	0.043333	57.565
20.01	20.00	0.043349	57.668
20.01	20.00	0.043366	57.769
20.01	20.00	0.043383	57.864
20.01	20.00	0.043399	57.968
20.01	20.00	0.043416	58.068
20.01	19.99	0.043433	58.162
20.01	19.99	0.043449	58.267
20.01	19.99	0.043466	58.366
20.01	19.99	0.043483	58.461
20.01	19.99	0.043499	58.565
20.01	19.99	0.043516	58.665
20.01	19.99	0.043533	58.760
20.01	19.99	0.043549	58.864
20.01	19.99	0.043566	58.959
20.01	19.99	0.043583	59.058
20.01	19.99	0.043599	59.163
20.01	19.99	0.043616	59.258
20.01	19.99	0.043633	59.359
20.01	20.00	0.043649	59.461
19.99	20.00	0.043666	59.559
19.99	20.00	0.043683	59.659
19.99	20.00	0.043699	59.760
