100.00	0.00	7.23	30.00	150.00	2.70	97.30	0.50	

19.99	20.00	0.000000	15.038
19.99	20.00	0.000017	15.141
19.99	20.00	0.000033	15.236
19.99	20.00	0.000050	15.338
19.99	20.01	0.000067	15.440
19.99	20.01	0.000083	15.534
19.96	20.01	0.000100	15.638
19.96	20.01	0.000117	15.739
19.96	20.01	0.000133	15.833
19.96	20.01	0.000150	15.938
19.96	20.01	0.000167	16.037
19.96	20.01	0.000183	16.133
19.96	20.01	0.000200	16.237
19.96	20.01	0.000217	16.336
19.96	20.01	0.000233	16.433
19.96	20.01	0.000250	16.535
19.96	20.01	0.000267	16.635
19.96	20.00	0.000283	16.733
19.96	20.00	0.000300	16.834
19.99	20.00	0.000317	16.933
19.99	20.00	0.000333	17.033
19.99	20.00	0.000350	17.134
19.99	20.00	0.000367	17.234
19.99	20.00	0.000383	17.333
20.01	19.99	0.000400	17.433
20.01	19.99	0.000416	17.534
20.01	19.99	0.000433	17.633
20.01	19.99	0.000450	17.733
20.01	19.99	0.000466	17.835
20.01	19.99	0.000483	17.934
20.01	19.99	0.000500	18.034
20.01	19.99	0.000516	18.134
20.04	19.99	0.000533	18.234
20.04	19.99	0.000550	18.334
20.04	19.99	0.000566	18.434
20.04	19.99	0.000583	18.534
20.04	19.99	0.000600	18.635
20.04	20.00	0.000616	18.734
20.01	20.00	0.000633	18.834
20.01	20.00	0.000650	18.934
20.01	20.00	0.000666	19.035
20.01	20.00	0.000683	19.134
20.01	20.00	0.000700	19.234
20.01	20.00	0.000716	19.334
20.01	20.00	0.000733	19.434
20.01	20.01	0.000750	19.535
20.01	20.01	0.000766	19.634
20.01	20.01	0.000783	19.734
20.01	20.01	0.000800	19.834
20.01	20.01	0.000816	19.935
20.01	20.01	0.000833	20.034
20.01	20.01	0.000850	20.134
20.01	20.01	0.000866	20.234
20.01	20.01	0.000883	20.334
20.01	20.01	0.000900	20.434
20.01	20.01	0.000916	20.535
20.01	20.01	0.000933	20.634
20.01	20.01	0.000950	20.734
20.01	20.00	0.000966	20.835
20.01	20.00	0.000983	20.934
20.01	20.00	0.001000	21.035
20.01	20.00	0.001016	21.135
20.01	20.00	0.001033	21.234
20.01	20.00	0.001050	21.334
20.01	20.00	0.001066	21.435
20.01	19.99	0.001083	21.534
20.01	19.99	0.001100	21.634
20.01	19.99	0.001116	21.735
20.01	19.99	0.001133	21.863
20.01	19.99	0.001150	21.957
20.01	19.99	0.001166	22.035
20.01	19.99	0.001183	22.162
20.01	19.99	0.001200	22.256
20.01	19.99	0.001216	22.335
20.01	19.99	0.001233	22.460
20.01	19.99	0.001250	22.555
20.01	19.99	0.001266	22.659
20.01	19.99	0.001283	22.759
19.99	20.00	0.001299	22.854
19.99	20.00	0.001316	22.958
19.99	20.00	0.001333	23.058
19.99	20.00	0.001349	23.152
19.99	20.00	0.001366	23.257
19.99	20.00	0.001383	23.356
19.99	20.00	0.001399	23.451
19.99	20.00	0.001416	23.555
19.99	20.01	0.001433	23.650
19.99	20.01	0.001449	23.750
19.99	20.01	0.001466	23.854
19.99	20.01	0.001483	23.949
19.99	20.01	0.001499	24.048
19.99	20.01	0.001516	24.153
19.99	20.01	0.001533	24.247
19.99	20.01	0.001549	24.347
19.99	20.01	0.001566	24.451
19.99	20.01	0.001583	24.546
19.99	20.01	0.001599	24.646
20.01	20.01	0.001616	24.750
20.01	20.01	0.001633	24.845
20.01	20.00	0.001649	24.944
20.01	20.00	0.001666	25.049
20.01	20.00	0.001683	25.143
20.01	20.00	0.001699	25.243
20.01	20.00	0.001716	25.347
20.01	20.00	0.001733	25.442
20.01	20.00	0.001749	25.541
20.01	19.99	0.001766	25.646
20.01	19.99	0.001783	25.740
20.01	19.99	0.001799	25.841
20.01	19.99	0.001816	25.944
20.01	19.99	0.001833	26.039
20.01	19.99	0.001849	26.141
20.01	19.99	0.001866	26.243
20.01	19.99	0.001883	26.338
20.01	19.99	0.001899	26.441
20.01	19.99	0.001916	26.542
20.01	19.99	0.001933	26.636
20.01	19.99	0.001949	26.741
20.01	19.99	0.001966	26.841
20.01	20.00	0.001983	26.935
20.01	20.00	0.001999	27.040
20.01	20.00	0.002016	27.139
19.99	20.00	0.002033	27.234
19.99	20.00	0.002049	27.338
19.99	20.00	0.002066	27.438
19.99	20.00	0.002082	27.534
19.99	20.00	0.002099	27.637
19.99	20.01	0.002116	27.737
19.99	20.01	0.002132	27.834
19.99	20.01	0.002149	27.936
19.99	20.01	0.002166	28.037
19.99	20.01	0.002182	28.134
19.99	20.01	0.002199	28.234
19.99	20.01	0.002216	28.337
19.99	20.01	0.002232	28.434
19.99	20.01	0.002249	28.534
19.99	20.01	0.002266	28.637
19.99	20.01	0.002282	28.734
19.99	20.01	0.002299	28.834
19.99	20.01	0.002316	28.937
19.99	20.00	0.002332	29.034
19.99	20.00	0.002349	29.134
19.99	20.00	0.002366	29.237
20.01	20.00	0.002382	29.335
20.01	20.00	0.002399	29.434
20.01	20.00	0.002416	29.538
20.01	20.00	0.002432	29.635
20.01	19.99	0.002449	29.735
20.01	19.99	0.002466	29.837
20.01	19.99	0.002482	29.935
20.01	19.99	0.002499	30.035
20.01	19.99	0.002516	30.137
20.01	19.99	0.002532	30.235
20.01	19.99	0.002549	30.335
20.01	19.99	0.002566	30.438
20.01	19.99	0.002582	30.535
20.01	19.99	0.002599	30.635
20.01	19.99	0.002616	30.738
20.01	19.99	0.002632	30.836
20.01	19.99	0.002649	30.935
19.99	20.00	0.002666	31.038
19.99	20.00	0.002682	31.135
19.99	20.00	0.002699	31.235
19.99	20.00	0.002716	31.338
19.99	20.00	0.002732	31.435
19.99	20.00	0.002749	31.535
19.99	20.00	0.002766	31.638
19.99	20.00	0.002782	31.736
19.99	20.01	0.002799	31.835
19.99	20.01	0.002816	31.938
19.99	20.01	0.002832	32.035
19.99	20.01	0.002849	32.135
19.99	20.01	0.002866	32.238
19.99	20.01	0.002882	32.334
19.99	20.01	0.002899	32.434
19.99	20.01	0.002915	32.538
19.99	20.01	0.002932	32.635
19.99	20.01	0.002949	32.734
19.99	20.01	0.002965	32.838
19.99	20.01	0.002982	32.934
19.99	20.01	0.002999	33.034
20.01	20.00	0.003015	33.138
20.01	20.00	0.003032	33.263
20.01	20.00	0.003049	33.357
20.01	20.00	0.003065	33.462
20.01	20.00	0.003082	33.562
20.01	20.00	0.003099	33.656
20.01	20.00	0.003115	33.761
20.01	19.99	0.003132	33.860
20.01	19.99	0.003149	33.955
20.01	19.99	0.003165	34.059
20.01	19.99	0.003182	34.160
20.01	19.99	0.003199	34.253
20.01	19.99	0.003215	34.358
20.01	19.99	0.003232	34.453
20.01	19.99	0.003249	34.552
20.01	19.99	0.003265	34.657
20.01	19.99	0.003282	34.751
20.01	19.99	0.003299	34.851
20.01	19.99	0.003315	34.955
19.99	19.99	0.003332	35.050
19.99	20.00	0.003349	35.150
19.99	20.00	0.003365	35.255
19.99	20.00	0.003382	35.349
19.99	20.00	0.003399	35.449
19.99	20.00	0.003415	35.553
19.99	20.00	0.003432	35.648
19.99	20.00	0.003449	35.747
19.99	20.00	0.003465	35.852
19.99	20.01	0.003482	35.947
19.99	20.01	0.003499	36.046
19.99	20.01	0.003515	36.151
19.99	20.01	0.003532	36.245
19.99	20.01	0.003549	36.344
19.99	20.01	0.003565	36.449
19.99	20.01	0.003582	36.543
19.99	20.01	0.003599	36.644
19.99	20.01	0.003615	36.748
19.99	20.01	0.003632	36.842
19.99	20.01	0.003649	36.944
19.99	20.01	0.003665	37.046
20.01	20.01	0.003682	37.141
20.01	20.00	0.003699	37.244
20.01	20.00	0.003715	37.346
20.01	20.00	0.003732	37.440
20.01	20.00	0.003748	37.544
20.01	20.00	0.003765	37.645
20.01	20.00	0.003782	37.738
20.01	20.00	0.003798	37.844
20.01	19.99	0.003815	37.943
20.01	19.99	0.003832	38.037
20.01	19.99	0.003848	38.142
20.01	19.99	0.003865	38.242
20.01	19.99	0.003882	38.337
20.01	19.99	0.003898	38.441
20.01	19.99	0.003915	38.541
20.01	19.99	0.003932	38.635
20.01	19.99	0.003948	38.740
20.01	19.99	0.003965	38.840
20.01	19.99	0.003982	38.935
20.01	19.99	0.003998	39.038
20.01	19.99	0.004015	39.140
19.99	20.00	0.004032	39.236
19.99	20.00	0.004048	39.336
19.99	20.00	0.004065	39.440
19.99	20.00	0.004082	39.536
19.99	20.00	0.004098	39.636
19.99	20.00	0.004115	39.740
19.99	20.00	0.004132	39.836
19.99	20.00	0.004148	39.937
19.99	20.01	0.004165	40.040
19.99	20.01	0.004182	40.136
19.99	20.01	0.004198	40.236
19.99	20.01	0.004215	40.341
19.99	20.01	0.004232	40.436
19.99	20.01	0.004248	40.536
19.99	20.01	0.004265	40.640
19.99	20.01	0.004282	40.736
19.99	20.01	0.004298	40.837
19.99	20.01	0.004315	40.940
19.99	20.01	0.004332	41.036
19.99	20.01	0.004348	41.136
19.99	20.01	0.004365	41.241
20.01	20.00	0.004382	41.337
20.01	20.00	0.004398	41.437
20.01	20.00	0.004415	41.540
20.01	20.00	0.004432	41.638
20.01	20.00	0.004448	41.738
20.01	20.00	0.004465	41.841
20.01	20.00	0.004482	41.938
20.01	19.99	0.004498	42.038
20.01	19.99	0.004515	42.141
20.01	19.99	0.004532	42.238
20.01	19.99	0.004548	42.340
20.01	19.99	0.004565	42.441
20.01	19.99	0.004581	42.539
20.01	19.99	0.004598	42.639
20.01	19.99	0.004615	42.741
20.01	19.99	0.004631	42.839
20.01	19.99	0.004648	42.939
20.01	19.99	0.004665	43.041
20.01	19.99	0.004681	43.139
20.01	19.99	0.004698	43.240
20.01	20.00	0.004715	43.341
20.01	20.00	0.004731	43.439
19.99	20.00	0.004748	43.539
19.99	20.00	0.004765	43.642
19.99	20.00	0.004781	43.767
19.99	20.00	0.004798	43.862
19.99	20.00	0.004815	43.941
19.99	20.00	0.004831	44.067
19.99	20.01	0.004848	44.160
19.99	20.01	0.004865	44.266
19.99	20.01	0.004881	44.365
19.99	20.01	0.004898	44.459
19.99	20.01	0.004915	44.564
19.99	20.01	0.004931	44.663
19.99	20.01	0.004948	44.758
19.99	20.01	0.004965	44.862
19.99	20.01	0.004981	44.962
19.99	20.01	0.004998	45.057
19.99	20.01	0.005015	45.161
19.99	20.01	0.005031	45.256
19.99	20.01	0.005048	45.355
19.99	20.00	0.005065	45.460
20.01	20.00	0.005081	45.555
20.01	20.00	0.005098	45.655
20.01	20.00	0.005115	45.759
20.01	20.00	0.005131	45.854
20.01	20.00	0.005148	45.954
20.01	20.00	0.005165	46.058
20.01	19.99	0.005181	46.153
20.01	19.99	0.005198	46.252
20.01	19.99	0.005215	46.357
20.01	19.99	0.005231	46.451
20.01	19.99	0.005248	46.551
20.01	19.99	0.005265	46.656
20.01	19.99	0.005281	46.750
20.01	19.99	0.005298	46.850
20.01	19.99	0.005315	46.954
20.01	19.99	0.005331	47.049
20.01	19.99	0.005348	47.148
20.01	19.99	0.005365	47.253
20.01	19.99	0.005381	47.348
20.01	20.00	0.005398	47.447
20.01	20.00	0.005414	47.552
19.99	20.00	0.005431	47.646
19.99	20.00	0.005448	47.747
19.99	20.00	0.005464	47.850
19.99	20.00	0.005481	47.945
19.99	20.00	0.005498	48.046
19.99	20.00	0.005514	48.149
19.99	20.01	0.005531	48.244
19.99	20.01	0.005548	48.347
19.99	20.01	0.005564	48.448
19.99	20.01	0.005581	48.541
19.99	20.01	0.005598	48.647
19.99	20.01	0.005614	48.746
19.99	20.01	0.005631	48.840
19.99	20.01	0.005648	48.945
19.99	20.01	0.005664	49.045
19.99	20.01	0.005681	49.141
19.99	20.01	0.005698	49.244
19.99	20.01	0.005714	49.344
19.99	20.01	0.005731	49.440
20.01	20.00	0.005748	49.543
20.01	20.00	0.005764	49.643
20.01	20.00	0.005781	49.740
20.01	20.00	0.005798	49.842
20.01	20.00	0.005814	49.943
20.01	20.00	0.005831	50.040
20.01	20.00	0.005848	50.140
20.01	19.99	0.005864	50.243
20.01	19.99	0.005881	50.340
20.01	19.99	0.005898	50.440
20.01	19.99	0.005914	50.543
20.01	19.99	0.005931	50.641
20.01	19.99	0.005948	50.741
20.01	19.99	0.005964	50.844
20.01	19.99	0.005981	50.941
20.01	19.99	0.005998	51.041
20.01	19.99	0.006014	51.143
20.01	19.99	0.006031	51.241
20.01	19.99	0.006048	51.342
20.01	19.99	0.006064	51.444
19.99	20.00	0.006081	51.541
19.99	20.00	0.006098	51.641
19.99	20.00	0.006114	51.744
19.99	20.00	0.006131	51.842
19.99	20.00	0.006148	51.942
19.99	20.00	0.006164	52.043
19.99	20.00	0.006181	52.142
19.99	20.00	0.006198	52.243
19.99	20.01	0.006214	52.344
19.99	20.01	0.006231	52.443
19.99	20.01	0.006247	52.543
19.99	20.01	0.006264	52.644
19.99	20.01	0.006281	52.743
19.99	20.01	0.006297	52.843
19.99	20.01	0.006314	52.944
19.99	20.01	0.006331	53.043
19.99	20.01	0.006347	53.144
19.99	20.01	0.006364	53.244
19.99	20.01	0.006381	53.343
19.99	20.01	0.006397	53.443
19.99	20.01	0.006414	53.545
19.99	20.00	0.006431	53.643
20.01	20.00	0.006447	53.743
20.01	20.00	0.006464	53.845
20.01	20.00	0.006481	53.943
20.01	20.00	0.006497	54.043
20.01	20.00	0.006514	54.144
20.01	20.00	0.006531	54.243
20.01	19.99	0.006547	54.367
20.01	19.99	0.006564	54.445
20.01	19.99	0.006581	54.571
20.01	19.99	0.006597	54.666
20.01	19.99	0.006614	54.745
20.01	19.99	0.006631	54.870
20.01	19.99	0.006647	54.965
20.01	19.99	0.006664	55.069
20.01	19.99	0.006681	55.169
20.01	19.99	0.006697	55.263
20.01	19.99	0.006714	55.367
20.01	19.99	0.006731	55.467
20.01	19.99	0.006747	55.562
20.01	20.00	0.006764	55.666
19.99	20.00	0.006781	55.766
19.99	20.00	0.006797	55.860
19.99	20.00	0.006814	55.965
19.99	20.00	0.006831	56.059
19.99	20.00	0.006847	56.159
19.99	20.00	0.006864	56.264
19.99	20.00	0.006881	56.358
19.99	20.01	0.006897	56.458
19.99	20.01	0.006914	56.562
19.99	20.01	0.006931	56.656
19.99	20.01	0.006947	56.756
19.99	20.01	0.006964	56.861
19.99	20.01	0.006981	56.955
19.99	20.01	0.006997	57.055
19.99	20.01	0.007014	57.159
19.99	20.01	0.007031	57.254
19.99	20.01	0.007047	57.353
19.99	20.01	0.007064	57.458
19.99	20.01	0.007080	57.552
20.01	20.01	0.007097	57.653
20.01	20.00	0.007114	57.757
20.01	20.00	0.007130	57.852
20.01	20.00	0.007147	57.951
20.01	20.00	0.007164	58.056
20.01	20.00	0.007180	58.150
20.01	20.00	0.007197	58.250
20.01	20.00	0.007214	58.354
20.01	19.99	0.007230	58.449
20.01	19.99	0.007247	58.551
20.01	19.99	0.007264	58.653
20.01	19.99	0.007280	58.748
20.01	19.99	0.007297	58.850
20.01	19.99	0.007314	58.952
20.01	19.99	0.007330	59.046
20.01	19.99	0.007347	59.151
20.01	19.99	0.007364	59.251
20.01	19.99	0.007380	59.345
20.01	19.99	0.007397	59.450
20.01	19.99	0.007414	59.550
20.01	19.99	0.007430	59.643
20.01	20.00	0.007447	59.749
20.01	20.00	0.007464	59.848
19.99	20.00	0.007480	59.943
19.99	20.00	0.007497	00.047
19.99	20.00	0.007514	00.146
19.99	20.00	0.007530	00.244
19.99	20.00	0.007547	00.345
19.99	20.00	0.007564	00.447
19.99	20.01	0.007580	00.544
19.99	20.01	0.007597	00.644
19.99	20.01	0.007614	00.747
19.99	20.01	0.007630	00.844
19.99	20.01	0.007647	00.944
19.99	20.01	0.007664	01.047
19.99	20.01	0.007680	01.144
19.99	20.01	0.007697	01.244
19.99	20.01	0.007714	01.347
19.99	20.01	0.007730	01.444
19.99	20.01	0.007747	01.544
19.99	20.01	0.007764	01.647
19.99	20.01	0.007780	01.744
19.99	20.00	0.007797	01.844
20.01	20.00	0.007814	01.947
20.01	20.00	0.007830	02.044
20.01	20.00	0.007847	02.144
20.01	20.00	0.007864	02.247
20.01	20.00	0.007880	02.345
20.01	20.00	0.007897	02.444
20.01	19.99	0.007913	02.548
20.01	19.99	0.007930	02.644
20.01	19.99	0.007947	02.744
20.01	19.99	0.007963	02.847
20.01	19.99	0.007980	02.944
20.01	19.99	0.007997	03.044
20.01	19.99	0.008013	03.148
20.01	19.99	0.008030	03.245
20.01	19.99	0.008047	03.344
20.01	19.99	0.008063	03.448
20.01	19.99	0.008080	03.544
20.01	19.99	0.008097	03.644
19.99	19.99	0.008113	03.747
19.99	20.00	0.008130	03.844
19.99	20.00	0.008147	03.944
19.99	20.00	0.008163	04.048
19.99	20.00	0.008180	04.145
19.99	20.00	0.008197	04.244
19.99	20.00	0.008213	04.348
19.99	20.00	0.008230	04.445
19.99	20.00	0.008247	04.545
19.99	20.01	0.008263	04.648
19.99	20.01	0.008280	04.745
19.99	20.01	0.008297	04.846
19.99	20.01	0.008313	04.948
19.99	20.01	0.008330	05.045
19.99	20.01	0.008347	05.145
19.99	20.01	0.008363	05.249
19.99	20.01	0.008380	05.374
19.99	20.01	0.008397	05.468
19.99	20.01	0.008413	05.548
19.99	20.01	0.008430	05.672
19.99	20.01	0.008447	05.767
19.99	20.01	0.008463	05.872
19.99	20.00	0.008480	05.971
19.99	20.00	0.008497	06.067
19.99	20.00	0.008513	06.171
20.01	20.00	0.008530	06.271
20.01	20.00	0.008547	06.365
20.01	20.00	0.008563	06.470
20.01	20.00	0.008580	06.569
20.01	19.99	0.008597	06.664
20.01	19.99	0.008613	06.769
20.01	19.99	0.008630	06.863
20.01	19.99	0.008647	06.963
20.01	19.99	0.008663	07.067
20.01	19.99	0.008680	07.162
20.01	19.99	0.008697	07.261
20.01	19.99	0.008713	07.366
20.01	19.99	0.008730	07.461
20.01	19.99	0.008746	07.560
20.01	19.99	0.008763	07.665
20.01	19.99	0.008780	07.759
20.01	19.99	0.008796	07.859
20.01	20.00	0.008813	07.963
20.01	20.00	0.008830	08.058
20.01	20.00	0.008846	08.157
19.99	20.00	0.008863	08.262
19.99	20.00	0.008880	08.357
19.99	20.00	0.008896	08.456
19.99	20.00	0.008913	08.561
19.99	20.00	0.008930	08.655
19.99	20.01	0.008946	08.755
19.99	20.01	0.008963	08.859
19.99	20.01	0.008980	08.954
19.99	20.01	0.008996	09.054
19.99	20.01	0.009013	09.158
19.99	20.01	0.009030	09.252
19.99	20.01	0.009046	09.354
19.99	20.01	0.009063	09.456
19.99	20.01	0.009080	09.551
19.99	20.01	0.009096	09.654
19.99	20.01	0.009113	09.755
19.99	20.01	0.009130	09.850
20.01	20.01	0.009146	09.954
20.01	20.00	0.009163	10.054
20.01	20.00	0.009180	10.148
20.01	20.00	0.009196	10.253
20.01	20.00	0.009213	10.353
20.01	20.00	0.009230	10.449
20.01	20.00	0.009246	10.552
20.01	20.00	0.009263	10.652
20.01	19.99	0.009280	10.748
20.01	19.99	0.009296	10.851
20.01	19.99	0.009313	10.950
20.01	19.99	0.009330	11.048
20.01	19.99	0.009346	11.149
20.01	19.99	0.009363	11.250
20.01	19.99	0.009380	11.349
20.01	19.99	0.009396	11.449
20.01	19.99	0.009413	11.551
20.01	19.99	0.009430	11.649
20.01	19.99	0.009446	11.749
20.01	19.99	0.009463	11.850
20.01	19.99	0.009480	11.949
20.01	20.00	0.009496	12.050
19.99	20.00	0.009513	12.150
19.99	20.00	0.009530	12.251
19.99	20.00	0.009546	12.351
19.99	20.00	0.009563	12.451
19.99	20.00	0.009579	12.551
19.99	20.00	0.009596	12.651
19.99	20.00	0.009613	12.751
19.99	20.01	0.009629	12.851
19.99	20.01	0.009646	12.952
19.99	20.01	0.009663	13.051
19.99	20.01	0.009679	13.151
19.99	20.01	0.009696	13.251
19.99	20.01	0.009713	13.351
19.99	20.01	0.009729	13.451
19.99	20.01	0.009746	13.551
19.99	20.01	0.009763	13.652
19.99	20.01	0.009779	13.752
19.99	20.01	0.009796	13.851
19.99	20.01	0.009813	13.951
19.99	20.01	0.009829	14.051
20.01	20.00	0.009846	14.151
20.01	20.00	0.009863	14.251
20.01	20.00	0.009879	14.352
20.01	20.00	0.009896	14.451
20.01	20.00	0.009913	14.552
20.01	20.00	0.009929	14.651
20.01	20.00	0.009946	14.751
20.01	19.99	0.009963	14.851
20.01	19.99	0.009979	14.951
20.01	19.99	0.009996	15.051
20.01	19.99	0.010013	15.152
20.01	19.99	0.010029	15.252
20.01	19.99	0.010046	15.351
20.01	19.99	0.010063	15.452
20.01	19.99	0.010079	15.580
20.01	19.99	0.010096	15.675
20.01	19.99	0.010113	15.751
20.01	19.99	0.010129	15.879
20.01	19.99	0.010146	15.973
20.01	19.99	0.010163	16.052
20.01	20.00	0.010179	16.177
19.99	20.00	0.010196	16.272
19.99	20.00	0.010213	16.352
19.99	20.00	0.010229	16.476
19.99	20.00	0.010246	16.570
19.99	20.00	0.010263	16.675
19.99	20.00	0.010279	16.774
19.99	20.00	0.010296	16.869
19.99	20.01	0.010313	16.974
19.99	20.01	0.010329	17.073
19.99	20.01	0.010346	17.168
19.99	20.01	0.010363	17.272
19.99	20.01	0.010379	17.372
19.99	20.01	0.010396	17.466
19.99	20.01	0.010412	17.571
19.99	20.01	0.010429	17.665
19.99	20.01	0.010446	17.765
19.99	20.01	0.010462	17.870
19.99	20.01	0.010479	17.964
19.99	20.01	0.010496	18.065
19.99	20.01	0.010512	18.168
19.99	20.00	0.010529	18.264
20.01	20.00	0.010546	18.363
20.01	20.00	0.010562	18.468
20.01	20.00	0.010579	18.563
20.01	20.00	0.010596	18.662
20.01	20.00	0.010612	18.767
20.01	20.00	0.010629	18.861
20.01	19.99	0.010646	18.961
20.01	19.99	0.010662	19.065
20.01	19.99	0.010679	19.160
20.01	19.99	0.010696	19.259
20.01	19.99	0.010712	19.364
20.01	19.99	0.010729	19.459
20.01	19.99	0.010746	19.558
20.01	19.99	0.010762	19.663
20.01	19.99	0.010779	19.757
20.01	19.99	0.010796	19.858
20.01	19.99	0.010812	19.961
20.01	19.99	0.010829	20.056
20.01	19.99	0.010846	20.158
20.01	20.00	0.010862	20.260
19.99	20.00	0.010879	20.354
19.99	20.00	0.010896	20.457
19.99	20.00	0.010912	20.559
19.99	20.00	0.010929	20.652
19.99	20.00	0.010946	20.757
19.99	20.00	0.010962	20.856
19.99	20.00	0.010979	20.952
19.99	20.01	0.010996	21.056
19.99	20.01	0.011012	21.155
19.99	20.01	0.011029	21.252
19.99	20.01	0.011046	21.354
19.99	20.01	0.011062	21.454
19.99	20.01	0.011079	21.553
19.99	20.01	0.011096	21.653
19.99	20.01	0.011112	21.754
19.99	20.01	0.011129	21.852
19.99	20.01	0.011146	21.952
19.99	20.01	0.011162	22.053
19.99	20.01	0.011179	22.152
19.99	20.01	0.011196	22.252
19.99	20.00	0.011212	22.354
19.99	20.00	0.011229	22.453
19.99	20.00	0.011245	22.552
19.99	20.00	0.011262	22.654
19.99	20.00	0.011279	22.751
20.01	20.00	0.011295	22.852
20.01	20.00	0.011312	22.953
20.01	19.99	0.011329	23.052
20.01	19.99	0.011345	23.153
20.01	19.99	0.011362	23.254
20.01	19.99	0.011379	23.352
20.01	19.99	0.011395	23.452
20.01	19.99	0.011412	23.554
20.01	19.99	0.011429	23.652
20.01	19.99	0.011445	23.752
20.01	19.99	0.011462	23.854
20.01	19.99	0.011479	23.953
20.01	19.99	0.011495	24.052
20.01	19.99	0.011512	24.155
20.01	19.99	0.011529	24.252
20.01	20.00	0.011545	24.352
20.01	20.00	0.011562	24.454
20.01	20.00	0.011579	24.552
20.01	20.00	0.011595	24.652
19.99	20.00	0.011612	24.754
19.99	20.00	0.011629	24.852
19.99	20.00	0.011645	24.952
19.99	20.00	0.011662	25.054
19.99	20.01	0.011679	25.152
19.99	20.01	0.011695	25.252
19.99	20.01	0.011712	25.355
19.99	20.01	0.011729	25.452
19.99	20.01	0.011745	25.552
19.99	20.01	0.011762	25.655
19.99	20.01	0.011779	25.752
19.99	20.01	0.011795	25.852
19.99	20.01	0.011812	25.954
19.99	20.01	0.011829	26.052
19.99	20.01	0.011845	26.153
20.01	20.01	0.011862	26.255
20.01	20.01	0.011879	26.352
20.01	20.00	0.011895	26.452
20.01	20.00	0.011912	26.555
20.01	20.00	0.011929	26.652
20.01	20.00	0.011945	26.751
20.01	20.00	0.011962	26.855
20.01	20.00	0.011979	26.981
20.01	20.00	0.011995	27.076
20.01	19.99	0.012012	27.155
20.01	19.99	0.012029	27.280
20.01	19.99	0.012045	27.374
20.01	19.99	0.012062	27.479
20.01	19.99	0.012078	27.578
20.01	19.99	0.012095	27.673
20.01	19.99	0.012112	27.778
20.01	19.99	0.012128	27.877
20.01	19.99	0.012145	27.972
20.01	19.99	0.012162	28.076
20.01	19.99	0.012178	28.176
20.01	19.99	0.012195	28.270
19.99	19.99	0.012212	28.375
19.99	20.00	0.012228	28.470
19.99	20.00	0.012245	28.569
19.99	20.00	0.012262	28.673
19.99	20.00	0.012278	28.768
19.99	20.00	0.012295	28.868
19.99	20.00	0.012312	28.972
19.99	20.00	0.012328	29.066
19.99	20.00	0.012345	29.167
19.99	20.01	0.012362	29.271
19.99	20.01	0.012378	29.365
19.99	20.01	0.012395	29.465
19.99	20.01	0.012412	29.569
19.99	20.01	0.012428	29.663
19.99	20.01	0.012445	29.763
19.99	20.01	0.012462	29.869
19.99	20.01	0.012478	29.962
19.99	20.01	0.012495	30.062
19.99	20.01	0.012512	30.167
19.99	20.01	0.012528	30.261
19.99	20.01	0.012545	30.361
19.99	20.01	0.012562	30.465
19.99	20.00	0.012578	30.561
20.01	20.00	0.012595	30.661
20.01	20.00	0.012612	30.765
20.01	20.00	0.012628	30.859
20.01	20.00	0.012645	30.961
20.01	20.00	0.012662	31.063
20.01	20.00	0.012678	31.158
20.01	19.99	0.012695	31.262
20.01	19.99	0.012712	31.362
20.01	19.99	0.012728	31.457
20.01	19.99	0.012745	31.561
20.01	19.99	0.012762	31.661
20.01	19.99	0.012778	31.755
20.01	19.99	0.012795	31.860
20.01	19.99	0.012812	31.959
20.01	19.99	0.012828	32.054
20.01	19.99	0.012845	32.159
20.01	19.99	0.012862	32.258
20.01	19.99	0.012878	32.353
20.01	19.99	0.012895	32.457
19.99	20.00	0.012911	32.557
19.99	20.00	0.012928	32.653
19.99	20.00	0.012945	32.756
19.99	20.00	0.012961	32.857
19.99	20.00	0.012978	32.953
19.99	20.00	0.012995	33.055
19.99	20.00	0.013011	33.157
19.99	20.00	0.013028	33.253
19.99	20.01	0.013045	33.353
19.99	20.01	0.013061	33.457
19.99	20.01	0.013078	33.553
19.99	20.01	0.013095	33.653
19.99	20.01	0.013111	33.758
19.99	20.01	0.013128	33.853
19.99	20.01	0.013145	33.953
19.99	20.01	0.013161	34.057
19.99	20.01	0.013178	34.153
19.99	20.01	0.013195	34.253
19.99	20.01	0.013211	34.357
19.99	20.01	0.013228	34.453
19.99	20.01	0.013245	34.553
19.99	20.00	0.013261	34.658
20.01	20.00	0.013278	34.753
20.01	20.00	0.013295	34.853
20.01	20.00	0.013311	34.957
20.01	20.00	0.013328	35.053
20.01	20.00	0.013345	35.153
20.01	20.00	0.013361	35.257
20.01	19.99	0.013378	35.353
20.01	19.99	0.013395	35.454
20.01	19.99	0.013411	35.557
20.01	19.99	0.013428	35.653
20.01	19.99	0.013445	35.753
20.01	19.99	0.013461	35.853
20.01	19.99	0.013478	35.953
20.01	19.99	0.013495	36.053
20.01	19.99	0.013511	36.158
20.01	19.99	0.013528	36.253
20.01	19.99	0.013545	36.353
20.01	19.99	0.013561	36.458
20.01	19.99	0.013578	36.553
20.01	20.00	0.013595	36.653
20.01	20.00	0.013611	36.753
19.99	20.00	0.013628	36.853
19.99	20.00	0.013645	36.953
19.99	20.00	0.013661	37.059
19.99	20.00	0.013678	37.153
19.99	20.00	0.013695	37.253
19.99	20.00	0.013711	37.352
19.99	20.01	0.013728	37.452
19.99	20.01	0.013744	37.553
19.99	20.01	0.013761	37.653
19.99	20.01	0.013778	37.755
19.99	20.01	0.013794	37.854
19.99	20.01	0.013811	37.959
19.99	20.01	0.013828	38.083
19.99	20.01	0.013844	38.178
19.99	20.01	0.013861	38.282
19.99	20.01	0.013878	38.382
19.99	20.01	0.013894	38.476
19.99	20.01	0.013911	38.581
19.99	20.01	0.013928	38.680
20.01	20.00	0.013944	38.775
20.01	20.00	0.013961	38.880
20.01	20.00	0.013978	38.979
20.01	20.00	0.013994	39.074
20.01	20.00	0.014011	39.178
20.01	20.00	0.014028	39.273
20.01	20.00	0.014044	39.372
20.01	19.99	0.014061	39.476
20.01	19.99	0.014078	39.571
20.01	19.99	0.014094	39.671
20.01	19.99	0.014111	39.775
20.01	19.99	0.014128	39.870
20.01	19.99	0.014144	39.970
20.01	19.99	0.014161	40.074
20.01	19.99	0.014178	40.169
20.01	19.99	0.014194	40.268
20.01	19.99	0.014211	40.373
20.01	19.99	0.014228	40.468
20.01	19.99	0.014244	40.567
20.01	19.99	0.014261	40.672
20.01	20.00	0.014278	40.766
19.99	20.00	0.014294	40.866
19.99	20.00	0.014311	40.970
19.99	20.00	0.014328	41.065
19.99	20.00	0.014344	41.165
19.99	20.00	0.014361	41.269
19.99	20.00	0.014378	41.364
19.99	20.00	0.014394	41.464
19.99	20.01	0.014411	41.568
19.99	20.01	0.014428	41.662
19.99	20.01	0.014444	41.764
19.99	20.01	0.014461	41.866
19.99	20.01	0.014478	41.961
19.99	20.01	0.014494	42.064
19.99	20.01	0.014511	42.165
19.99	20.01	0.014528	42.260
19.99	20.01	0.014544	42.364
19.99	20.01	0.014561	42.464
19.99	20.01	0.014577	42.558
19.99	20.01	0.014594	42.663
19.99	20.01	0.014611	42.763
19.99	20.00	0.014627	42.857
20.01	20.00	0.014644	42.961
20.01	20.00	0.014661	43.061
20.01	20.00	0.014677	43.155
20.01	20.00	0.014694	43.260
20.01	20.00	0.014711	43.354
20.01	20.00	0.014727	43.454
20.01	19.99	0.014744	43.559
20.01	19.99	0.014761	43.654
20.01	19.99	0.014777	43.754
20.01	19.99	0.014794	43.857
20.01	19.99	0.014811	43.954
20.01	19.99	0.014827	44.054
20.01	19.99	0.014844	44.156
20.01	19.99	0.014861	44.254
20.01	19.99	0.014877	44.354
20.01	19.99	0.014894	44.455
20.01	19.99	0.014911	44.554
20.01	19.99	0.014927	44.654
19.99	19.99	0.014944	44.754
19.99	20.00	0.014961	44.854
19.99	20.00	0.014977	44.954
19.99	20.00	0.014994	45.054
19.99	20.00	0.015011	45.155
19.99	20.00	0.015027	45.254
19.99	20.00	0.015044	45.354
19.99	20.00	0.015061	45.454
19.99	20.00	0.015077	45.554
19.99	20.01	0.015094	45.654
19.99	20.01	0.015111	45.754
19.99	20.01	0.015127	45.855
19.99	20.01	0.015144	45.954
19.99	20.01	0.015161	46.054
19.99	20.01	0.015177	46.154
19.99	20.01	0.015194	46.254
19.99	20.01	0.015211	46.354
19.99	20.01	0.015227	46.453
19.99	20.01	0.015244	46.554
19.99	20.01	0.015261	46.654
19.99	20.01	0.015277	46.756
20.01	20.01	0.015294	46.855
20.01	20.00	0.015311	46.955
20.01	20.00	0.015327	47.055
20.01	20.00	0.015344	47.155
20.01	20.00	0.015361	47.255
20.01	20.00	0.015377	47.355
20.01	20.00	0.015394	47.457
20.01	20.00	0.015410	47.556
20.01	19.99	0.015427	47.656
20.01	19.99	0.015444	47.756
20.01	19.99	0.015460	47.856
20.01	19.99	0.015477	47.956
20.01	19.99	0.015494	48.056
20.01	19.99	0.015510	48.156
20.01	19.99	0.015527	48.256
20.01	19.99	0.015544	48.357
20.01	19.99	0.015560	48.456
20.01	19.99	0.015577	48.556
20.01	19.99	0.015594	48.656
20.01	19.99	0.015610	48.756
20.01	19.99	0.015627	48.856
20.01	20.00	0.015644	48.956
20.01	20.00	0.015660	49.085
20.01	20.00	0.015677	49.185
19.99	20.00	0.015694	49.279
19.99	20.00	0.015710	49.384
19.99	20.00	0.015727	49.484
19.99	20.00	0.015744	49.578
19.99	20.00	0.015760	49.683
19.99	20.01	0.015777	49.782
19.99	20.01	0.015794	49.877
19.99	20.01	0.015810	49.981
19.99	20.01	0.015827	50.076
19.99	20.01	0.015844	50.175
19.99	20.01	0.015860	50.280
19.99	20.01	0.015877	50.374
19.99	20.01	0.015894	50.474
19.99	20.01	0.015910	50.579
19.99	20.01	0.015927	50.673
19.99	20.01	0.015944	50.773
19.99	20.01	0.015960	50.878
19.99	20.01	0.015977	50.972
19.99	20.00	0.015994	51.072
19.99	20.00	0.016010	51.176
20.01	20.00	0.016027	51.271
20.01	20.00	0.016044	51.370
20.01	20.00	0.016060	51.475
20.01	20.00	0.016077	51.569
20.01	20.00	0.016094	51.669
20.01	19.99	0.016110	51.773
20.01	19.99	0.016127	51.868
20.01	19.99	0.016144	51.967
20.01	19.99	0.016160	52.072
20.01	19.99	0.016177	52.166
20.01	19.99	0.016194	52.267
20.01	19.99	0.016210	52.370
20.01	19.99	0.016227	52.465
20.01	19.99	0.016244	52.567
20.01	19.99	0.016260	52.670
20.01	19.99	0.016277	52.764
20.01	19.99	0.016293	52.867
20.01	19.99	0.016310	52.968
19.99	20.00	0.016327	53.063
19.99	20.00	0.016343	53.167
19.99	20.00	0.016360	53.267
19.99	20.00	0.016377	53.362
19.99	20.00	0.016393	53.466
19.99	20.00	0.016410	53.566
19.99	20.00	0.016427	53.660
19.99	20.00	0.016443	53.765
19.99	20.01	0.016460	53.864
19.99	20.01	0.016477	53.959
19.99	20.01	0.016493	54.064
19.99	20.01	0.016510	54.163
19.99	20.01	0.016527	54.258
19.99	20.01	0.016543	54.362
19.99	20.01	0.016560	54.457
19.99	20.01	0.016577	54.556
19.99	20.01	0.016593	54.661
19.99	20.01	0.016610	54.756
19.99	20.01	0.016627	54.856
19.99	20.01	0.016643	54.960
19.99	20.01	0.016660	55.056
20.01	20.00	0.016677	55.157
20.01	20.00	0.016693	55.258
20.01	20.00	0.016710	55.357
20.01	20.00	0.016727	55.457
20.01	20.00	0.016743	55.557
20.01	20.00	0.016760	55.658
20.01	20.00	0.016777	55.757
20.01	19.99	0.016793	55.857
20.01	19.99	0.016810	55.957
20.01	19.99	0.016827	56.057
20.01	19.99	0.016843	56.157
20.01	19.99	0.016860	56.257
20.01	19.99	0.016877	56.357
20.01	19.99	0.016893	56.457
20.01	19.99	0.016910	56.558
20.01	19.99	0.016927	56.657
20.01	19.99	0.016943	56.757
20.01	19.99	0.016960	56.857
20.01	19.99	0.016977	56.957
20.01	19.99	0.016993	57.057
20.01	20.00	0.017010	57.157
19.99	20.00	0.017027	57.258
19.99	20.00	0.017043	57.357
19.99	20.00	0.017060	57.457
19.99	20.00	0.017077	57.557
19.99	20.00	0.017093	57.657
19.99	20.00	0.017110	57.757
19.99	20.00	0.017126	57.857
19.99	20.01	0.017143	57.957
19.99	20.01	0.017160	58.057
19.99	20.01	0.017176	58.158
19.99	20.01	0.017193	58.257
19.99	20.01	0.017210	58.357
19.99	20.01	0.017226	58.457
19.99	20.01	0.017243	58.557
19.99	20.01	0.017260	58.657
19.99	20.01	0.017276	58.757
19.99	20.01	0.017293	58.857
19.99	20.01	0.017310	58.957
19.99	20.01	0.017326	59.058
19.99	20.01	0.017343	59.157
19.99	20.00	0.017360	59.257
20.01	20.00	0.017376	59.357
20.01	20.00	0.017393	59.457
20.01	20.00	0.017410	59.557
20.01	20.00	0.017426	59.657
20.01	20.00	0.017443	59.758
20.01	20.00	0.017460	59.857
20.01	19.99	0.017476	59.957
20.01	19.99	0.017493	00.057
20.01	19.99	0.017510	00.157
20.01	19.99	0.017526	00.256
20.01	19.99	0.017543	00.381
20.01	19.99	0.017560	00.486
20.01	19.99	0.017576	00.586
20.01	19.99	0.017593	00.680
20.01	19.99	0.017610	00.785
20.01	19.99	0.017626	00.879
20.01	19.99	0.017643	00.979
20.01	19.99	0.017660	01.083
19.99	19.99	0.017676	01.178
19.99	20.00	0.017693	01.277
19.99	20.00	0.017710	01.382
19.99	20.00	0.017726	01.477
19.99	20.00	0.017743	01.576
19.99	20.00	0.017760	01.681
19.99	20.00	0.017776	01.775
19.99	20.00	0.017793	01.875
19.99	20.00	0.017810	01.979
19.99	20.01	0.017826	02.074
19.99	20.01	0.017843	02.173
19.99	20.01	0.017860	02.278
19.99	20.01	0.017876	02.373
19.99	20.01	0.017893	02.472
19.99	20.01	0.017910	02.577
19.99	20.01	0.017926	02.671
19.99	20.01	0.017943	02.771
19.99	20.01	0.017959	02.875
19.99	20.01	0.017976	02.970
19.99	20.01	0.017993	03.070
19.99	20.01	0.018009	03.174
19.99	20.01	0.018026	03.269
20.01	20.00	0.018043	03.370
20.01	20.00	0.018059	03.473
20.01	20.00	0.018076	03.567
20.01	20.00	0.018093	03.670
20.01	20.00	0.018109	03.771
20.01	20.00	0.018126	03.866
20.01	20.00	0.018143	03.971
20.01	19.99	0.018159	04.070
20.01	19.99	0.018176	04.165
20.01	19.99	0.018193	04.269
20.01	19.99	0.018209	04.369
20.01	19.99	0.018226	04.463
20.01	19.99	0.018243	04.568
20.01	19.99	0.018259	04.668
20.01	19.99	0.018276	04.762
20.01	19.99	0.018293	04.867
20.01	19.99	0.018309	04.967
20.01	19.99	0.018326	05.060
20.01	19.99	0.018343	05.166
20.01	19.99	0.018359	05.259
20.01	20.00	0.018376	05.359
20.01	20.00	0.018393	05.465
20.01	20.00	0.018409	05.558
20.01	20.00	0.018426	05.658
20.01	20.00	0.018443	05.763
19.99	20.00	0.018459	05.858
19.99	20.00	0.018476	05.958
19.99	20.00	0.018493	06.061
19.99	20.01	0.018509	06.159
19.99	20.01	0.018526	06.258
19.99	20.01	0.018543	06.360
19.99	20.01	0.018559	06.458
19.99	20.01	0.018576	06.558
19.99	20.01	0.018593	06.658
19.99	20.01	0.018609	06.758
19.99	20.01	0.018626	06.858
19.99	20.01	0.018643	06.958
19.99	20.01	0.018659	07.059
19.99	20.01	0.018676	07.158
19.99	20.01	0.018693	07.258
19.99	20.01	0.018709	07.358
19.99	20.00	0.018726	07.458
19.99	20.00	0.018743	07.558
19.99	20.00	0.018759	07.658
20.01	20.00	0.018776	07.758
20.01	20.00	0.018792	07.858
20.01	20.00	0.018809	07.959
20.01	20.00	0.018826	08.058
20.01	19.99	0.018842	08.158
20.01	19.99	0.018859	08.258
20.01	19.99	0.018876	08.358
20.01	19.99	0.018892	08.458
20.01	19.99	0.018909	08.558
20.01	19.99	0.018926	08.659
20.01	19.99	0.018942	08.758
20.01	19.99	0.018959	08.858
20.01	19.99	0.018976	08.958
20.01	19.99	0.018992	09.058
20.01	19.99	0.019009	09.158
20.01	19.99	0.019026	09.258
20.01	19.99	0.019042	09.358
19.99	20.00	0.019059	09.458
19.99	20.00	0.019076	09.559
19.99	20.00	0.019092	09.658
19.99	20.00	0.019109	09.758
19.99	20.00	0.019126	09.858
19.99	20.00	0.019142	09.958
19.99	20.00	0.019159	10.058
19.99	20.00	0.019176	10.158
19.99	20.01	0.019192	10.258
19.99	20.01	0.019209	10.358
19.99	20.01	0.019226	10.459
19.99	20.01	0.019242	10.558
19.99	20.01	0.019259	10.658
19.99	20.01	0.019276	10.758
19.99	20.01	0.019292	10.858
19.99	20.01	0.019309	10.958
19.99	20.01	0.019326	11.058
19.99	20.01	0.019342	11.159
19.99	20.01	0.019359	11.258
19.99	20.01	0.019376	11.358
20.01	20.01	0.019392	11.458
20.01	20.00	0.019409	11.558
20.01	20.00	0.019426	11.657
20.01	20.00	0.019442	11.757
20.01	20.00	0.019459	11.886
20.01	20.00	0.019476	11.981
20.01	20.00	0.019492	12.080
20.01	20.00	0.019509	12.185
20.01	19.99	0.019526	12.280
20.01	19.99	0.019542	12.379
20.01	19.99	0.019559	12.484
20.01	19.99	0.019576	12.578
20.01	19.99	0.019592	12.678
20.01	19.99	0.019609	12.782
20.01	19.99	0.019625	12.877
20.01	19.99	0.019642	12.977
20.01	19.99	0.019659	13.081
20.01	19.99	0.019675	13.176
20.01	19.99	0.019692	13.275
20.01	19.99	0.019709	13.380
20.01	19.99	0.019725	13.474
19.99	20.00	0.019742	13.574
19.99	20.00	0.019759	13.678
19.99	20.00	0.019775	13.773
19.99	20.00	0.019792	13.873
19.99	20.00	0.019809	13.977
19.99	20.00	0.019825	14.072
19.99	20.00	0.019842	14.173
19.99	20.00	0.019859	14.276
19.99	20.01	0.019875	14.370
19.99	20.01	0.019892	14.473
19.99	20.01	0.019909	14.575
19.99	20.01	0.019925	14.670
19.99	20.01	0.019942	14.773
19.99	20.01	0.019959	14.873
19.99	20.01	0.019975	14.968
19.99	20.01	0.019992	15.072
19.99	20.01	0.020009	15.172
19.99	20.01	0.020025	15.266
19.99	20.01	0.020042	15.371
19.99	20.01	0.020059	15.471
19.99	20.01	0.020075	15.565
19.99	20.00	0.020092	15.670
19.99	20.00	0.020109	15.769
20.01	20.00	0.020125	15.864
20.01	20.00	0.020142	15.968
20.01	20.00	0.020159	16.063
20.01	20.00	0.020175	16.163
20.01	20.00	0.020192	16.267
20.01	19.99	0.020209	16.362
20.01	19.99	0.020225	16.461
20.01	19.99	0.020242	16.566
20.01	19.99	0.020259	16.660
20.01	19.99	0.020275	16.760
20.01	19.99	0.020292	16.864
20.01	19.99	0.020309	16.959
20.01	19.99	0.020325	17.060
20.01	19.99	0.020342	17.163
20.01	19.99	0.020359	17.259
20.01	19.99	0.020375	17.359
20.01	19.99	0.020392	17.462
20.01	19.99	0.020409	17.559
20.01	20.00	0.020425	17.659
20.01	20.00	0.020442	17.761
20.01	20.00	0.020458	17.859
20.01	20.00	0.020475	17.959
19.99	20.00	0.020492	18.059
19.99	20.00	0.020508	18.159
19.99	20.00	0.020525	18.259
19.99	20.00	0.020542	18.358
19.99	20.01	0.020558	18.458
19.99	20.01	0.020575	18.558
19.99	20.01	0.020592	18.659
19.99	20.01	0.020608	18.758
19.99	20.01	0.020625	18.858
19.99	20.01	0.020642	18.958
19.99	20.01	0.020658	19.058
19.99	20.01	0.020675	19.158
19.99	20.01	0.020692	19.258
19.99	20.01	0.020708	19.359
19.99	20.01	0.020725	19.459
19.99	20.01	0.020742	19.560
19.99	20.01	0.020758	19.659
19.99	20.00	0.020775	19.759
20.01	20.00	0.020792	19.859
20.01	20.00	0.020808	19.959
20.01	20.00	0.020825	20.059
20.01	20.00	0.020842	20.159
20.01	20.00	0.020858	20.260
20.01	20.00	0.020875	20.360
20.01	19.99	0.020892	20.461
20.01	19.99	0.020908	20.560
20.01	19.99	0.020925	20.660
20.01	19.99	0.020942	20.760
20.01	19.99	0.020958	20.860
20.01	19.99	0.020975	20.960
20.01	19.99	0.020992	21.060
20.01	19.99	0.021008	21.161
20.01	19.99	0.021025	21.260
20.01	19.99	0.021042	21.360
20.01	19.99	0.021058	21.460
20.01	19.99	0.021075	21.560
20.01	19.99	0.021092	21.660
19.99	20.00	0.021108	21.760
19.99	20.00	0.021125	21.861
19.99	20.00	0.021142	21.960
19.99	20.00	0.021158	22.060
19.99	20.00	0.021175	22.160
19.99	20.00	0.021192	22.260
19.99	20.00	0.021208	22.360
19.99	20.00	0.021225	22.460
19.99	20.01	0.021242	22.560
19.99	20.01	0.021258	22.660
19.99	20.01	0.021275	22.784
19.99	20.01	0.021291	22.884
19.99	20.01	0.021308	22.989
19.99	20.01	0.021325	23.083
19.99	20.01	0.021341	23.183
19.99	20.01	0.021358	23.287
19.99	20.01	0.021375	23.382
19.99	20.01	0.021391	23.481
19.99	20.01	0.021408	23.586
19.99	20.01	0.021425	23.681
20.01	20.01	0.021441	23.780
20.01	20.00	0.021458	23.885
20.01	20.00	0.021475	23.979
20.01	20.00	0.021491	24.079
20.01	20.00	0.021508	24.183
20.01	20.00	0.021525	24.278
20.01	20.00	0.021541	24.377
20.01	20.00	0.021558	24.482
20.01	19.99	0.021575	24.577
20.01	19.99	0.021591	24.676
20.01	19.99	0.021608	24.781
20.01	19.99	0.021625	24.875
20.01	19.99	0.021641	24.976
20.01	19.99	0.021658	25.079
20.01	19.99	0.021675	25.174
20.01	19.99	0.021691	25.276
20.01	19.99	0.021708	25.378
20.01	19.99	0.021725	25.473
20.01	19.99	0.021741	25.576
20.01	19.99	0.021758	25.677
20.01	19.99	0.021775	25.771
20.01	20.00	0.021791	25.876
19.99	20.00	0.021808	25.975
19.99	20.00	0.021825	26.070
19.99	20.00	0.021841	26.175
19.99	20.00	0.021858	26.274
19.99	20.00	0.021875	26.368
19.99	20.00	0.021891	26.473
19.99	20.00	0.021908	26.572
19.99	20.01	0.021925	26.667
19.99	20.01	0.021941	26.771
19.99	20.01	0.021958	26.866
19.99	20.01	0.021975	26.966
19.99	20.01	0.021991	27.070
19.99	20.01	0.022008	27.165
19.99	20.01	0.022025	27.264
19.99	20.01	0.022041	27.369
19.99	20.01	0.022058	27.463
19.99	20.01	0.022075	27.563
19.99	20.01	0.022091	27.668
19.99	20.01	0.022108	27.762
19.99	20.01	0.022124	27.862
19.99	20.00	0.022141	27.966
20.01	20.00	0.022158	28.062
20.01	20.00	0.022174	28.160
20.01	20.00	0.022191	28.266
20.01	20.00	0.022208	28.360
20.01	20.00	0.022224	28.461
20.01	20.00	0.022241	28.565
20.01	19.99	0.022258	28.661
20.01	19.99	0.022274	28.762
20.01	19.99	0.022291	28.863
20.01	19.99	0.022308	28.962
20.01	19.99	0.022324	29.062
20.01	19.99	0.022341	29.162
20.01	19.99	0.022358	29.263
20.01	19.99	0.022374	29.362
20.01	19.99	0.022391	29.462
20.01	19.99	0.022408	29.562
20.01	19.99	0.022424	29.662
20.01	19.99	0.022441	29.762
19.99	19.99	0.022458	29.862
19.99	20.00	0.022474	29.962
19.99	20.00	0.022491	30.062
19.99	20.00	0.022508	30.163
19.99	20.00	0.022524	30.262
19.99	20.00	0.022541	30.362
19.99	20.00	0.022558	30.462
19.99	20.00	0.022574	30.562
19.99	20.00	0.022591	30.662
19.99	20.01	0.022608	30.761
19.99	20.01	0.022624	30.862
19.99	20.01	0.022641	30.963
19.99	20.01	0.022658	31.063
19.99	20.01	0.022674	31.163
19.99	20.01	0.022691	31.264
19.99	20.01	0.022708	31.363
19.99	20.01	0.022724	31.463
19.99	20.01	0.022741	31.563
19.99	20.01	0.022758	31.663
19.99	20.01	0.022774	31.763
19.99	20.01	0.022791	31.863
19.99	20.01	0.022808	31.963
19.99	20.00	0.022824	32.063
20.01	20.00	0.022841	32.164
20.01	20.00	0.022858	32.263
20.01	20.00	0.022874	32.363
20.01	20.00	0.022891	32.463
20.01	20.00	0.022908	32.563
20.01	20.00	0.022924	32.663
20.01	19.99	0.022941	32.763
20.01	19.99	0.022957	32.864
20.01	19.99	0.022974	32.963
20.01	19.99	0.022991	33.063
20.01	19.99	0.023007	33.163
20.01	19.99	0.023024	33.263
20.01	19.99	0.023041	33.363
20.01	19.99	0.023057	33.463
20.01	19.99	0.023074	33.587
20.01	19.99	0.023091	33.687
20.01	19.99	0.023107	33.791
20.01	19.99	0.023124	33.886
20.01	19.99	0.023141	33.986
20.01	20.00	0.023157	34.090
20.01	20.00	0.023174	34.185
19.99	20.00	0.023191	34.284
19.99	20.00	0.023207	34.389
19.99	20.00	0.023224	34.483
19.99	20.00	0.023241	34.583
19.99	20.00	0.023257	34.687
19.99	20.00	0.023274	34.782
19.99	20.01	0.023291	34.882
19.99	20.01	0.023307	34.987
19.99	20.01	0.023324	35.081
19.99	20.01	0.023341	35.181
19.99	20.01	0.023357	35.285
19.99	20.01	0.023374	35.380
19.99	20.01	0.023391	35.480
19.99	20.01	0.023407	35.584
19.99	20.01	0.023424	35.679
19.99	20.01	0.023441	35.779
19.99	20.01	0.023457	35.883
19.99	20.01	0.023474	35.977
20.01	20.01	0.023491	36.080
20.01	20.00	0.023507	36.181
20.01	20.00	0.023524	36.276
20.01	20.00	0.023541	36.379
20.01	20.00	0.023557	36.480
20.01	20.00	0.023574	36.575
20.01	20.00	0.023591	36.679
20.01	20.00	0.023607	36.779
20.01	19.99	0.023624	36.873
20.01	19.99	0.023641	36.978
20.01	19.99	0.023657	37.077
20.01	19.99	0.023674	37.172
20.01	19.99	0.023691	37.276
20.01	19.99	0.023707	37.376
20.01	19.99	0.023724	37.471
20.01	19.99	0.023741	37.575
20.01	19.99	0.023757	37.670
20.01	19.99	0.023774	37.769
20.01	19.99	0.023790	37.874
20.01	19.99	0.023807	37.968
19.99	19.99	0.023824	38.068
19.99	20.00	0.023840	38.172
19.99	20.00	0.023857	38.267
19.99	20.00	0.023874	38.367
19.99	20.00	0.023890	38.471
19.99	20.00	0.023907	38.566
19.99	20.00	0.023924	38.665
19.99	20.00	0.023940	38.770
19.99	20.00	0.023957	38.864
19.99	20.01	0.023974	38.964
19.99	20.01	0.023990	39.069
19.99	20.01	0.024007	39.164
19.99	20.01	0.024024	39.264
19.99	20.01	0.024040	39.367
19.99	20.01	0.024057	39.464
19.99	20.01	0.024074	39.564
19.99	20.01	0.024090	39.666
19.99	20.01	0.024107	39.764
19.99	20.01	0.024124	39.864
19.99	20.01	0.024140	39.965
19.99	20.01	0.024157	40.064
19.99	20.01	0.024174	40.164
20.01	20.00	0.024190	40.264
20.01	20.00	0.024207	40.364
20.01	20.00	0.024224	40.464
20.01	20.00	0.024240	40.564
20.01	20.00	0.024257	40.664
20.01	20.00	0.024274	40.764
20.01	20.00	0.024290	40.864
20.01	19.99	0.024307	40.964
20.01	19.99	0.024324	41.064
20.01	19.99	0.024340	41.164
20.01	19.99	0.024357	41.264
20.01	19.99	0.024374	41.365
20.01	19.99	0.024390	41.464
20.01	19.99	0.024407	41.564
20.01	19.99	0.024424	41.664
20.01	19.99	0.024440	41.764
20.01	19.99	0.024457	41.864
20.01	19.99	0.024474	41.964
20.01	19.99	0.024490	42.064
20.01	19.99	0.024507	42.164
20.01	20.00	0.024524	42.265
19.99	20.00	0.024540	42.364
19.99	20.00	0.024557	42.464
19.99	20.00	0.024574	42.564
19.99	20.00	0.024590	42.664
19.99	20.00	0.024607	42.764
19.99	20.00	0.024623	42.864
19.99	20.00	0.024640	42.964
19.99	20.01	0.024657	43.064
19.99	20.01	0.024673	43.165
19.99	20.01	0.024690	43.264
19.99	20.01	0.024707	43.364
19.99	20.01	0.024723	43.464
19.99	20.01	0.024740	43.564
19.99	20.01	0.024757	43.664
19.99	20.01	0.024773	43.764
19.99	20.01	0.024790	43.865
19.99	20.01	0.024807	43.964
19.99	20.01	0.024823	44.064
19.99	20.01	0.024840	44.164
19.99	20.01	0.024857	44.264
19.99	20.00	0.024873	44.364
19.99	20.00	0.024890	44.464
20.01	20.00	0.024907	44.564
20.01	20.00	0.024923	44.664
20.01	20.00	0.024940	44.765
20.01	20.00	0.024957	44.864
20.01	20.00	0.024973	44.964
20.01	19.99	0.024990	45.088
20.01	19.99	0.025007	45.193
20.01	19.99	0.025023	45.287
20.01	19.99	0.025040	45.387
20.01	19.99	0.025057	45.491
20.01	19.99	0.025073	45.585
20.01	19.99	0.025090	45.685
20.01	19.99	0.025107	45.790
20.01	19.99	0.025123	45.884
20.01	19.99	0.025140	45.984
20.01	19.99	0.025157	46.088
20.01	19.99	0.025173	46.183
20.01	19.99	0.025190	46.282
20.01	20.00	0.025207	46.387
20.01	20.00	0.025223	46.482
19.99	20.00	0.025240	46.582
19.99	20.00	0.025257	46.686
19.99	20.00	0.025273	46.780
19.99	20.00	0.025290	46.883
19.99	20.00	0.025307	46.984
19.99	20.00	0.025323	47.079
19.99	20.01	0.025340	47.182
19.99	20.01	0.025357	47.283
19.99	20.01	0.025373	47.378
19.99	20.01	0.025390	47.482
19.99	20.01	0.025407	47.582
19.99	20.01	0.025423	47.676
19.99	20.01	0.025440	47.781
19.99	20.01	0.025456	47.880
19.99	20.01	0.025473	47.975
19.99	20.01	0.025490	48.080
19.99	20.01	0.025506	48.179
19.99	20.01	0.025523	48.274
19.99	20.01	0.025540	48.378
20.01	20.00	0.025556	48.473
20.01	20.00	0.025573	48.572
20.01	20.00	0.025590	48.677
20.01	20.00	0.025606	48.772
20.01	20.00	0.025623	48.871
20.01	20.00	0.025640	48.976
20.01	20.00	0.025656	49.070
20.01	19.99	0.025673	49.170
20.01	19.99	0.025690	49.274
20.01	19.99	0.025706	49.369
20.01	19.99	0.025723	49.468
20.01	19.99	0.025740	49.573
20.01	19.99	0.025756	49.668
20.01	19.99	0.025773	49.768
20.01	19.99	0.025790	49.872
20.01	19.99	0.025806	49.967
20.01	19.99	0.025823	50.066
20.01	19.99	0.025840	50.171
20.01	19.99	0.025856	50.266
19.99	19.99	0.025873	50.365
19.99	20.00	0.025890	50.470
19.99	20.00	0.025906	50.564
19.99	20.00	0.025923	50.664
19.99	20.00	0.025940	50.768
19.99	20.00	0.025956	50.864
19.99	20.00	0.025973	50.965
19.99	20.00	0.025990	51.067
19.99	20.00	0.026006	51.164
19.99	20.01	0.026023	51.264
19.99	20.01	0.026040	51.366
19.99	20.01	0.026056	51.464
19.99	20.01	0.026073	51.564
19.99	20.01	0.026090	51.664
19.99	20.01	0.026106	51.764
19.99	20.01	0.026123	51.865
19.99	20.01	0.026140	51.964
19.99	20.01	0.026156	52.064
19.99	20.01	0.026173	52.164
19.99	20.01	0.026190	52.264
19.99	20.01	0.026206	52.364
19.99	20.01	0.026223	52.464
19.99	20.00	0.026240	52.564
20.01	20.00	0.026256	52.664
20.01	20.00	0.026273	52.765
20.01	20.00	0.026289	52.864
20.01	20.00	0.026306	52.965
20.01	20.00	0.026323	53.065
20.01	20.00	0.026339	53.165
20.01	19.99	0.026356	53.265
20.01	19.99	0.026373	53.365
20.01	19.99	0.026389	53.466
20.01	19.99	0.026406	53.565
20.01	19.99	0.026423	53.665
20.01	19.99	0.026439	53.765
20.01	19.99	0.026456	53.865
20.01	19.99	0.026473	53.965
20.01	19.99	0.026489	54.065
20.01	19.99	0.026506	54.165
20.01	19.99	0.026523	54.265
20.01	19.99	0.026539	54.366
20.01	19.99	0.026556	54.465
19.99	20.00	0.026573	54.565
19.99	20.00	0.026589	54.665
19.99	20.00	0.026606	54.765
19.99	20.00	0.026623	54.865
19.99	20.00	0.026639	54.965
19.99	20.00	0.026656	55.065
19.99	20.00	0.026673	55.165
19.99	20.00	0.026689	55.266
19.99	20.01	0.026706	55.365
19.99	20.01	0.026723	55.465
19.99	20.01	0.026739	55.565
19.99	20.01	0.026756	55.665
19.99	20.01	0.026773	55.765
19.99	20.01	0.026789	55.865
19.99	20.01	0.026806	55.966
19.99	20.01	0.026823	56.065
19.99	20.01	0.026839	56.165
19.99	20.01	0.026856	56.264
19.99	20.01	0.026873	56.364
19.99	20.01	0.026889	56.488
20.01	20.01	0.026906	56.593
20.01	20.00	0.026923	56.687
20.01	20.00	0.026939	56.787
20.01	20.00	0.026956	56.891
20.01	20.00	0.026973	56.986
20.01	20.00	0.026989	57.086
20.01	20.00	0.027006	57.190
20.01	20.00	0.027023	57.285
20.01	19.99	0.027039	57.386
20.01	19.99	0.027056	57.489
20.01	19.99	0.027073	57.583
20.01	19.99	0.027089	57.686
20.01	19.99	0.027106	57.788
20.01	19.99	0.027122	57.882
20.01	19.99	0.027139	57.986
20.01	19.99	0.027156	58.086
20.01	19.99	0.027172	58.181
20.01	19.99	0.027189	58.285
20.01	19.99	0.027206	58.385
20.01	19.99	0.027222	58.479
20.01	19.99	0.027239	58.584
20.01	20.00	0.027256	58.684
19.99	20.00	0.027272	58.778
19.99	20.00	0.027289	58.883
19.99	20.00	0.027306	58.982
19.99	20.00	0.027322	59.077
19.99	20.00	0.027339	59.181
19.99	20.00	0.027356	59.276
19.99	20.00	0.027372	59.376
19.99	20.01	0.027389	59.480
19.99	20.01	0.027406	59.575
19.99	20.01	0.027422	59.674
19.99	20.01	0.027439	59.779
19.99	20.01	0.027456	59.873
19.99	20.01	0.027472	59.973
19.99	20.01	0.027489	00.077
19.99	20.01	0.027506	00.172
19.99	20.01	0.027522	00.272
19.99	20.01	0.027539	00.376
19.99	20.01	0.027556	00.471
19.99	20.01	0.027572	00.570
19.99	20.01	0.027589	00.675
20.01	20.00	0.027606	00.770
20.01	20.00	0.027622	00.870
20.01	20.00	0.027639	00.974
20.01	20.00	0.027656	01.069
20.01	20.00	0.027672	01.168
20.01	20.00	0.027689	01.273
20.01	20.00	0.027706	01.367
20.01	19.99	0.027722	01.467
20.01	19.99	0.027739	01.571
20.01	19.99	0.027756	01.666
20.01	19.99	0.027772	01.767
20.01	19.99	0.027789	01.870
20.01	19.99	0.027806	01.966
20.01	19.99	0.027822	02.067
20.01	19.99	0.027839	02.169
20.01	19.99	0.027856	02.266
20.01	19.99	0.027872	02.367
20.01	19.99	0.027889	02.468
20.01	19.99	0.027906	02.566
20.01	19.99	0.027922	02.667
20.01	20.00	0.027939	02.766
20.01	20.00	0.027955	02.866
19.99	20.00	0.027972	02.966
19.99	20.00	0.027989	03.066
19.99	20.00	0.028005	03.166
19.99	20.00	0.028022	03.266
19.99	20.00	0.028039	03.367
19.99	20.00	0.028055	03.466
19.99	20.01	0.028072	03.566
19.99	20.01	0.028089	03.666
19.99	20.01	0.028105	03.766
19.99	20.01	0.028122	03.866
19.99	20.01	0.028139	03.966
19.99	20.01	0.028155	04.066
19.99	20.01	0.028172	04.166
19.99	20.01	0.028189	04.267
19.99	20.01	0.028205	04.366
19.99	20.01	0.028222	04.466
19.99	20.01	0.028239	04.566
19.99	20.01	0.028255	04.666
19.99	20.01	0.028272	04.766
19.99	20.00	0.028289	04.866
19.99	20.00	0.028305	04.967
20.01	20.00	0.028322	05.066
20.01	20.00	0.028339	05.166
20.01	20.00	0.028355	05.266
20.01	20.00	0.028372	05.366
20.01	20.00	0.028389	05.466
20.01	19.99	0.028405	05.566
20.01	19.99	0.028422	05.666
20.01	19.99	0.028439	05.766
20.01	19.99	0.028455	05.867
20.01	19.99	0.028472	05.966
20.01	19.99	0.028489	06.066
20.01	19.99	0.028505	06.166
20.01	19.99	0.028522	06.266
20.01	19.99	0.028539	06.366
20.01	19.99	0.028555	06.466
20.01	19.99	0.028572	06.566
20.01	19.99	0.028589	06.666
20.01	19.99	0.028605	06.766
20.01	20.00	0.028622	06.866
19.99	20.00	0.028639	06.966
19.99	20.00	0.028655	07.066
19.99	20.00	0.028672	07.166
19.99	20.00	0.028689	07.266
19.99	20.00	0.028705	07.367
19.99	20.00	0.028722	07.466
19.99	20.00	0.028739	07.566
19.99	20.01	0.028755	07.695
19.99	20.01	0.028772	07.790
19.99	20.01	0.028788	07.889
19.99	20.01	0.028805	07.994
19.99	20.01	0.028822	08.088
19.99	20.01	0.028838	08.189
19.99	20.01	0.028855	08.292
19.99	20.01	0.028872	08.387
19.99	20.01	0.028888	08.489
19.99	20.01	0.028905	08.591
19.99	20.01	0.028922	08.686
19.99	20.01	0.028938	08.789
19.99	20.01	0.028955	08.890
19.99	20.00	0.028972	08.984
20.01	20.00	0.028988	09.089
20.01	20.00	0.029005	09.189
20.01	20.00	0.029022	09.283
20.01	20.00	0.029038	09.388
20.01	20.00	0.029055	09.487
20.01	20.00	0.029072	09.582
20.01	19.99	0.029088	09.686
20.01	19.99	0.029105	09.786
20.01	19.99	0.029122	09.881
20.01	19.99	0.029138	09.985
20.01	19.99	0.029155	10.085
20.01	19.99	0.029172	10.180
20.01	19.99	0.029188	10.284
20.01	19.99	0.029205	10.379
20.01	19.99	0.029222	10.478
20.01	19.99	0.029238	10.583
20.01	19.99	0.029255	10.678
20.01	19.99	0.029272	10.776
20.01	19.99	0.029288	10.881
20.01	20.00	0.029305	10.975
19.99	20.00	0.029322	11.076
19.99	20.00	0.029338	11.180
19.99	20.00	0.029355	11.274
19.99	20.00	0.029372	11.374
19.99	20.00	0.029388	11.478
19.99	20.00	0.029405	11.573
19.99	20.00	0.029422	11.672
19.99	20.01	0.029438	11.777
19.99	20.01	0.029455	11.871
19.99	20.01	0.029472	11.971
19.99	20.01	0.029488	12.075
19.99	20.01	0.029505	12.170
19.99	20.01	0.029522	12.270
19.99	20.01	0.029538	12.374
19.99	20.01	0.029555	12.469
19.99	20.01	0.029572	12.570
19.99	20.01	0.029588	12.673
19.99	20.01	0.029605	12.768
19.99	20.01	0.029621	12.869
19.99	20.01	0.029638	12.972
19.99	20.00	0.029655	13.068
20.01	20.00	0.029671	13.170
20.01	20.00	0.029688	13.271
20.01	20.00	0.029705	13.368
20.01	20.00	0.029721	13.470
20.01	20.00	0.029738	13.570
20.01	20.00	0.029755	13.670
20.01	19.99	0.029771	13.771
20.01	19.99	0.029788	13.870
20.01	19.99	0.029805	13.970
20.01	19.99	0.029821	14.070
20.01	19.99	0.029838	14.170
20.01	19.99	0.029855	14.270
20.01	19.99	0.029871	14.370
20.01	19.99	0.029888	14.470
20.01	19.99	0.029905	14.570
20.01	19.99	0.029921	14.671
20.01	19.99	0.029938	14.770
20.01	19.99	0.029955	14.870
20.01	19.99	0.029971	14.971
20.01	20.00	0.029988	15.071
19.99	20.00	0.030005	15.171
19.99	20.00	0.030021	15.271
19.99	20.00	0.030038	15.371
19.99	20.00	0.030055	15.471
19.99	20.00	0.030071	15.572
19.99	20.00	0.030088	15.671
19.99	20.00	0.030105	15.771
19.99	20.01	0.030121	15.871
19.99	20.01	0.030138	15.972
19.99	20.01	0.030155	16.072
19.99	20.01	0.030171	16.172
19.99	20.01	0.030188	16.272
19.99	20.01	0.030205	16.373
19.99	20.01	0.030221	16.472
19.99	20.01	0.030238	16.572
19.99	20.01	0.030255	16.672
19.99	20.01	0.030271	16.772
19.99	20.01	0.030288	16.872
19.99	20.01	0.030305	16.973
19.99	20.01	0.030321	17.073
19.99	20.00	0.030338	17.173
20.01	20.00	0.030355	17.273
20.01	20.00	0.030371	17.373
20.01	20.00	0.030388	17.473
20.01	20.00	0.030405	17.602
20.01	20.00	0.030421	17.672
20.01	20.00	0.030438	17.796
20.01	19.99	0.030454	17.901
20.01	19.99	0.030471	17.995
20.01	19.99	0.030488	18.095
20.01	19.99	0.030504	18.200
20.01	19.99	0.030521	18.294
20.01	19.99	0.030538	18.394
20.01	19.99	0.030554	18.498
20.01	19.99	0.030571	18.593
20.01	19.99	0.030588	18.692
20.01	19.99	0.030604	18.797
20.01	19.99	0.030621	18.891
20.01	19.99	0.030638	18.992
19.99	19.99	0.030654	19.096
19.99	20.00	0.030671	19.190
19.99	20.00	0.030688	19.292
19.99	20.00	0.030704	19.394
19.99	20.00	0.030721	19.489
19.99	20.00	0.030738	19.592
19.99	20.00	0.030754	19.693
19.99	20.00	0.030771	19.788
19.99	20.00	0.030788	19.892
19.99	20.01	0.030804	19.992
19.99	20.01	0.030821	20.086
19.99	20.01	0.030838	20.191
19.99	20.01	0.030854	20.290
19.99	20.01	0.030871	20.385
19.99	20.01	0.030888	20.489
19.99	20.01	0.030904	20.589
19.99	20.01	0.030921	20.684
19.99	20.01	0.030938	20.788
19.99	20.01	0.030954	20.888
19.99	20.01	0.030971	20.982
19.99	20.01	0.030988	21.087
19.99	20.01	0.031004	21.181
20.01	20.00	0.031021	21.281
20.01	20.00	0.031038	21.386
20.01	20.00	0.031054	21.480
20.01	20.00	0.031071	21.580
20.01	20.00	0.031088	21.684
20.01	20.00	0.031104	21.779
20.01	20.00	0.031121	21.878
20.01	19.99	0.031138	21.983
20.01	19.99	0.031154	22.077
20.01	19.99	0.031171	22.177
20.01	19.99	0.031188	22.282
20.01	19.99	0.031204	22.376
20.01	19.99	0.031221	22.476
20.01	19.99	0.031238	22.580
20.01	19.99	0.031254	22.675
20.01	19.99	0.031271	22.775
20.01	19.99	0.031287	22.879
20.01	19.99	0.031304	22.974
20.01	19.99	0.031321	23.074
20.01	19.99	0.031337	23.178
20.01	20.00	0.031354	23.276
20.01	20.00	0.031371	23.375
19.99	20.00	0.031387	23.477
19.99	20.00	0.031404	23.575
19.99	20.00	0.031421	23.675
19.99	20.00	0.031437	23.775
19.99	20.00	0.031454	23.875
19.99	20.00	0.031471	23.975
19.99	20.01	0.031487	24.075
19.99	20.01	0.031504	24.176
19.99	20.01	0.031521	24.275
19.99	20.01	0.031537	24.375
19.99	20.01	0.031554	24.475
19.99	20.01	0.031571	24.575
19.99	20.01	0.031587	24.675
19.99	20.01	0.031604	24.775
19.99	20.01	0.031621	24.875
19.99	20.01	0.031637	24.975
19.99	20.01	0.031654	25.075
19.99	20.01	0.031671	25.175
19.99	20.01	0.031687	25.275
20.01	20.00	0.031704	25.375
20.01	20.00	0.031721	25.475
20.01	20.00	0.031737	25.575
20.01	20.00	0.031754	25.675
20.01	20.00	0.031771	25.775
20.01	20.00	0.031787	25.875
20.01	20.00	0.031804	25.975
20.01	19.99	0.031821	26.075
20.01	19.99	0.031837	26.175
20.01	19.99	0.031854	26.275
20.01	19.99	0.031871	26.375
20.01	19.99	0.031887	26.475
20.01	19.99	0.031904	26.576
20.01	19.99	0.031921	26.675
20.01	19.99	0.031937	26.775
20.01	19.99	0.031954	26.875
20.01	19.99	0.031971	26.975
20.01	19.99	0.031987	27.075
19.99	19.99	0.032004	27.175
19.99	19.99	0.032021	27.276
19.99	20.00	0.032037	27.375
19.99	20.00	0.032054	27.475
19.99	20.00	0.032071	27.575
19.99	20.00	0.032087	27.675
19.99	20.00	0.032104	27.775
19.99	20.00	0.032120	27.875
19.99	20.00	0.032137	27.975
19.99	20.00	0.032154	28.075
19.99	20.01	0.032170	28.176
19.99	20.01	0.032187	28.275
19.99	20.01	0.032204	28.375
19.99	20.01	0.032220	28.475
19.99	20.01	0.032237	28.575
19.99	20.01	0.032254	28.674
19.99	20.01	0.032270	28.798
19.99	20.01	0.032287	28.898
19.99	20.01	0.032304	29.002
19.99	20.01	0.032320	29.097
19.99	20.01	0.032337	29.197
19.99	20.01	0.032354	29.301
20.01	20.01	0.032370	29.396
20.01	20.00	0.032387	29.496
20.01	20.00	0.032404	29.600
20.01	20.00	0.032420	29.695
20.01	20.00	0.032437	29.795
20.01	20.00	0.032454	29.899
20.01	20.00	0.032470	29.994
20.01	20.00	0.032487	30.095
20.01	19.99	0.032504	30.198
20.01	19.99	0.032520	30.292
20.01	19.99	0.032537	30.395
20.01	19.99	0.032554	30.496
20.01	19.99	0.032570	30.591
20.01	19.99	0.032587	30.696
20.01	19.99	0.032604	30.795
20.01	19.99	0.032620	30.890
20.01	19.99	0.032637	30.995
20.01	19.99	0.032654	31.093
20.01	19.99	0.032670	31.188
20.01	19.99	0.032687	31.293
20.01	19.99	0.032704	31.392
20.01	20.00	0.032720	31.487
20.01	20.00	0.032737	31.591
20.01	20.00	0.032754	31.691
19.99	20.00	0.032770	31.785
19.99	20.00	0.032787	31.891
19.99	20.00	0.032804	31.985
19.99	20.00	0.032820	32.084
19.99	20.00	0.032837	32.189
19.99	20.01	0.032854	32.283
19.99	20.01	0.032870	32.383
19.99	20.01	0.032887	32.487
19.99	20.01	0.032904	32.582
19.99	20.01	0.032920	32.682
19.99	20.01	0.032937	32.786
19.99	20.01	0.032953	32.881
19.99	20.01	0.032970	32.980
19.99	20.01	0.032987	33.085
19.99	20.01	0.033003	33.179
19.99	20.01	0.033020	33.279
19.99	20.01	0.033037	33.383
19.99	20.01	0.033053	33.478
19.99	20.00	0.033070	33.578
19.99	20.00	0.033087	33.682
20.01	20.00	0.033103	33.777
20.01	20.00	0.033120	33.876
20.01	20.00	0.033137	33.981
20.01	20.00	0.033153	34.075
20.01	20.00	0.033170	34.176
20.01	19.99	0.033187	34.280
20.01	19.99	0.033203	34.375
20.01	19.99	0.033220	34.476
20.01	19.99	0.033237	34.578
20.01	19.99	0.033253	34.675
20.01	19.99	0.033270	34.776
20.01	19.99	0.033287	34.878
20.01	19.99	0.033303	34.975
20.01	19.99	0.033320	35.076
20.01	19.99	0.033337	35.176
20.01	19.99	0.033353	35.276
20.01	19.99	0.033370	35.377
20.01	19.99	0.033387	35.476
20.01	20.00	0.033403	35.576
20.01	20.00	0.033420	35.676
19.99	20.00	0.033437	35.780
19.99	20.00	0.033453	35.881
19.99	20.00	0.033470	35.981
19.99	20.00	0.033487	36.081
19.99	20.00	0.033503	36.181
19.99	20.00	0.033520	36.282
19.99	20.01	0.033537	36.381
19.99	20.01	0.033553	36.481
19.99	20.01	0.033570	36.581
19.99	20.01	0.033587	36.681
19.99	20.01	0.033603	36.781
19.99	20.01	0.033620	36.883
19.99	20.01	0.033637	36.982
19.99	20.01	0.033653	37.082
19.99	20.01	0.033670	37.182
19.99	20.01	0.033687	37.282
19.99	20.01	0.033703	37.382
19.99	20.01	0.033720	37.482
19.99	20.01	0.033737	37.582
19.99	20.00	0.033753	37.682
19.99	20.00	0.033770	37.783
20.01	20.00	0.033786	37.882
20.01	20.00	0.033803	37.982
20.01	20.00	0.033820	38.082
20.01	20.00	0.033836	38.182
20.01	20.00	0.033853	38.282
20.01	19.99	0.033870	38.382
20.01	19.99	0.033886	38.507
20.01	19.99	0.033903	38.612
20.01	19.99	0.033920	38.706
20.01	19.99	0.033936	38.805
20.01	19.99	0.033953	38.911
20.01	19.99	0.033970	39.004
20.01	19.99	0.033986	39.105
20.01	19.99	0.034003	39.209
20.01	19.99	0.034020	39.303
20.01	19.99	0.034036	39.402
20.01	19.99	0.034053	39.508
19.99	19.99	0.034070	39.602
19.99	20.00	0.034086	39.701
19.99	20.00	0.034103	39.806
19.99	20.00	0.034120	39.900
19.99	20.00	0.034136	40.000
19.99	20.00	0.034153	40.104
19.99	20.00	0.034170	40.199
19.99	20.00	0.034186	40.299
19.99	20.00	0.034203	40.403
19.99	20.01	0.034220	40.498
19.99	20.01	0.034236	40.598
19.99	20.01	0.034253	40.702
19.99	20.01	0.034270	40.796
19.99	20.01	0.034286	40.898
19.99	20.01	0.034303	41.000
19.99	20.01	0.034320	41.095
19.99	20.01	0.034336	41.198
19.99	20.01	0.034353	41.299
19.99	20.01	0.034370	41.394
19.99	20.01	0.034386	41.498
20.01	20.01	0.034403	41.598
20.01	20.01	0.034420	41.692
20.01	20.00	0.034436	41.798
20.01	20.00	0.034453	41.898
20.01	20.00	0.034470	41.992
20.01	20.00	0.034486	42.097
20.01	20.00	0.034503	42.196
20.01	20.00	0.034520	42.291
20.01	20.00	0.034536	42.395
20.01	19.99	0.034553	42.495
20.01	19.99	0.034570	42.590
20.01	19.99	0.034586	42.694
20.01	19.99	0.034603	42.789
20.01	19.99	0.034619	42.888
20.01	19.99	0.034636	42.993
20.01	19.99	0.034653	43.087
20.01	19.99	0.034669	43.187
20.01	19.99	0.034686	43.291
20.01	19.99	0.034703	43.386
20.01	19.99	0.034719	43.486
20.01	19.99	0.034736	43.590
20.01	19.99	0.034753	43.684
19.99	20.00	0.034769	43.783
19.99	20.00	0.034786	43.889
19.99	20.00	0.034803	43.982
19.99	20.00	0.034819	44.082
19.99	20.00	0.034836	44.187
19.99	20.00	0.034853	44.282
19.99	20.00	0.034869	44.383
19.99	20.00	0.034886	44.485
19.99	20.01	0.034903	44.583
19.99	20.01	0.034919	44.683
19.99	20.01	0.034936	44.784
19.99	20.01	0.034953	44.883
19.99	20.01	0.034969	44.983
19.99	20.01	0.034986	45.084
19.99	20.01	0.035003	45.183
19.99	20.01	0.035019	45.283
19.99	20.01	0.035036	45.383
19.99	20.01	0.035053	45.484
19.99	20.01	0.035069	45.584
19.99	20.01	0.035086	45.684
19.99	20.01	0.035103	45.784
19.99	20.00	0.035119	45.884
20.01	20.00	0.035136	45.985
20.01	20.00	0.035153	46.084
20.01	20.00	0.035169	46.184
20.01	20.00	0.035186	46.284
20.01	20.00	0.035203	46.384
20.01	20.00	0.035219	46.484
20.01	19.99	0.035236	46.584
20.01	19.99	0.035253	46.686
20.01	19.99	0.035269	46.785
20.01	19.99	0.035286	46.885
20.01	19.99	0.035303	46.985
20.01	19.99	0.035319	47.085
20.01	19.99	0.035336	47.185
20.01	19.99	0.035353	47.285
20.01	19.99	0.035369	47.385
20.01	19.99	0.035386	47.485
20.01	19.99	0.035403	47.586
20.01	19.99	0.035419	47.685
20.01	19.99	0.035436	47.785
20.01	20.00	0.035452	47.885
20.01	20.00	0.035469	47.985
19.99	20.00	0.035486	48.085
19.99	20.00	0.035502	48.185
19.99	20.00	0.035519	48.285
19.99	20.00	0.035536	48.385
19.99	20.00	0.035552	48.486
19.99	20.00	0.035569	48.585
19.99	20.01	0.035586	48.685
19.99	20.01	0.035602	48.785
19.99	20.01	0.035619	48.885
19.99	20.01	0.035636	48.985
19.99	20.01	0.035652	49.085
19.99	20.01	0.035669	49.185
19.99	20.01	0.035686	49.285
19.99	20.01	0.035702	49.414
19.99	20.01	0.035719	49.509
19.99	20.01	0.035736	49.609
19.99	20.01	0.035752	49.713
20.01	20.01	0.035769	49.808
20.01	20.01	0.035786	49.907
20.01	20.00	0.035802	50.012
20.01	20.00	0.035819	50.106
20.01	20.00	0.035836	50.206
20.01	20.00	0.035852	50.311
20.01	20.00	0.035869	50.405
20.01	20.00	0.035886	50.505
20.01	20.00	0.035902	50.609
20.01	19.99	0.035919	50.704
20.01	19.99	0.035936	50.803
20.01	19.99	0.035952	50.908
20.01	19.99	0.035969	51.002
20.01	19.99	0.035986	51.102
20.01	19.99	0.036002	51.207
20.01	19.99	0.036019	51.302
20.01	19.99	0.036036	51.401
20.01	19.99	0.036052	51.506
20.01	19.99	0.036069	51.600
20.01	19.99	0.036086	51.701
20.01	19.99	0.036102	51.805
20.01	19.99	0.036119	51.899
20.01	20.00	0.036136	52.001
20.01	20.00	0.036152	52.103
19.99	20.00	0.036169	52.197
19.99	20.00	0.036186	52.301
19.99	20.00	0.036202	52.401
19.99	20.00	0.036219	52.496
19.99	20.00	0.036236	52.601
19.99	20.00	0.036252	52.700
19.99	20.01	0.036269	52.795
19.99	20.01	0.036285	52.899
19.99	20.01	0.036302	52.999
19.99	20.01	0.036319	53.093
19.99	20.01	0.036335	53.198
19.99	20.01	0.036352	53.297
19.99	20.01	0.036369	53.392
19.99	20.01	0.036385	53.497
19.99	20.01	0.036402	53.591
19.99	20.01	0.036419	53.691
19.99	20.01	0.036435	53.795
19.99	20.01	0.036452	53.890
19.99	20.01	0.036469	53.989
19.99	20.00	0.036485	54.094
19.99	20.00	0.036502	54.189
19.99	20.00	0.036519	54.288
19.99	20.00	0.036535	54.393
20.01	20.00	0.036552	54.488
20.01	20.00	0.036569	54.588
20.01	20.00	0.036585	54.691
20.01	19.99	0.036602	54.788
20.01	19.99	0.036619	54.889
20.01	19.99	0.036635	54.990
20.01	19.99	0.036652	55.090
20.01	19.99	0.036669	55.189
20.01	19.99	0.036685	55.289
20.01	19.99	0.036702	55.389
20.01	19.99	0.036719	55.490
20.01	19.99	0.036735	55.590
20.01	19.99	0.036752	55.690
20.01	19.99	0.036769	55.791
20.01	19.99	0.036785	55.890
20.01	19.99	0.036802	55.990
20.01	20.00	0.036819	56.089
20.01	20.00	0.036835	56.190
19.99	20.00	0.036852	56.290
19.99	20.00	0.036869	56.390
19.99	20.00	0.036885	56.490
19.99	20.00	0.036902	56.591
19.99	20.00	0.036919	56.690
19.99	20.00	0.036935	56.790
19.99	20.01	0.036952	56.890
19.99	20.01	0.036969	56.990
19.99	20.01	0.036985	57.090
19.99	20.01	0.037002	57.190
19.99	20.01	0.037019	57.290
19.99	20.01	0.037035	57.390
19.99	20.01	0.037052	57.491
19.99	20.01	0.037069	57.590
19.99	20.01	0.037085	57.690
19.99	20.01	0.037102	57.790
19.99	20.01	0.037118	57.890
19.99	20.01	0.037135	57.990
19.99	20.01	0.037152	58.090
19.99	20.00	0.037168	58.190
20.01	20.00	0.037185	58.290
20.01	20.00	0.037202	58.391
20.01	20.00	0.037218	58.490
20.01	20.00	0.037235	58.590
20.01	20.00	0.037252	58.690
20.01	20.00	0.037268	58.790
20.01	19.99	0.037285	58.890
20.01	19.99	0.037302	58.990
20.01	19.99	0.037318	59.091
20.01	19.99	0.037335	59.190
20.01	19.99	0.037352	59.290
20.01	19.99	0.037368	59.390
20.01	19.99	0.037385	59.490
20.01	19.99	0.037402	59.590
20.01	19.99	0.037418	59.690
20.01	19.99	0.037435	59.814
20.01	19.99	0.037452	59.919
20.01	19.99	0.037468	00.019
19.99	19.99	0.037485	00.113
19.99	20.00	0.037502	00.218
19.99	20.00	0.037518	00.312
19.99	20.00	0.037535	00.412
19.99	20.00	0.037552	00.516
19.99	20.00	0.037568	00.611
19.99	20.00	0.037585	00.710
19.99	20.00	0.037602	00.815
19.99	20.00	0.037618	00.910
19.99	20.01	0.037635	01.009
19.99	20.01	0.037652	01.114
19.99	20.01	0.037668	01.209
19.99	20.01	0.037685	01.308
19.99	20.01	0.037702	01.413
19.99	20.01	0.037718	01.508
19.99	20.01	0.037735	01.607
19.99	20.01	0.037752	01.712
19.99	20.01	0.037768	01.806
19.99	20.01	0.037785	01.906
19.99	20.01	0.037802	02.010
19.99	20.01	0.037818	02.105
19.99	20.01	0.037835	02.204
19.99	20.00	0.037852	02.309
19.99	20.00	0.037868	02.404
20.01	20.00	0.037885	02.504
20.01	20.00	0.037902	02.608
20.01	20.00	0.037918	02.702
20.01	20.00	0.037935	02.804
20.01	20.00	0.037951	02.906
20.01	19.99	0.037968	03.000
20.01	19.99	0.037985	03.104
20.01	19.99	0.038001	03.205
20.01	19.99	0.038018	03.299
20.01	19.99	0.038035	03.404
20.01	19.99	0.038051	03.503
20.01	19.99	0.038068	03.598
20.01	19.99	0.038085	03.702
20.01	19.99	0.038101	03.802
20.01	19.99	0.038118	03.897
20.01	19.99	0.038135	04.001
20.01	19.99	0.038151	04.101
20.01	19.99	0.038168	04.195
20.01	20.00	0.038185	04.300
20.01	20.00	0.038201	04.394
20.01	20.00	0.038218	04.494
20.01	20.00	0.038235	04.598
20.01	20.00	0.038251	04.693
19.99	20.00	0.038268	04.793
19.99	20.00	0.038285	04.897
19.99	20.00	0.038301	04.992
19.99	20.01	0.038318	05.092
19.99	20.01	0.038335	05.196
19.99	20.01	0.038351	05.292
19.99	20.01	0.038368	05.392
19.99	20.01	0.038385	05.495
19.99	20.01	0.038401	05.593
19.99	20.01	0.038418	05.693
19.99	20.01	0.038435	05.793
19.99	20.01	0.038451	05.893
19.99	20.01	0.038468	05.993
19.99	20.01	0.038485	06.093
19.99	20.01	0.038501	06.194
19.99	20.01	0.038518	06.294
19.99	20.00	0.038535	06.394
20.01	20.00	0.038551	06.494
20.01	20.00	0.038568	06.594
20.01	20.00	0.038585	06.694
20.01	20.00	0.038601	06.795
20.01	20.00	0.038618	06.894
20.01	20.00	0.038635	06.994
20.01	19.99	0.038651	07.094
20.01	19.99	0.038668	07.194
20.01	19.99	0.038685	07.294
20.01	19.99	0.038701	07.395
20.01	19.99	0.038718	07.494
20.01	19.99	0.038735	07.594
20.01	19.99	0.038751	07.694
20.01	19.99	0.038768	07.794
20.01	19.99	0.038784	07.894
20.01	19.99	0.038801	07.994
20.01	19.99	0.038818	08.094
20.01	19.99	0.038834	08.194
19.99	19.99	0.038851	08.295
19.99	20.00	0.038868	08.394
19.99	20.00	0.038884	08.494
19.99	20.00	0.038901	08.594
19.99	20.00	0.038918	08.694
19.99	20.00	0.038934	08.794
19.99	20.00	0.038951	08.894
19.99	20.00	0.038968	08.995
19.99	20.00	0.038984	09.094
19.99	20.01	0.039001	09.194
19.99	20.01	0.039018	09.294
19.99	20.01	0.039034	09.394
19.99	20.01	0.039051	09.494
19.99	20.01	0.039068	09.594
19.99	20.01	0.039084	09.694
19.99	20.01	0.039101	09.794
19.99	20.01	0.039118	09.895
19.99	20.01	0.039134	09.994
19.99	20.01	0.039151	10.094
19.99	20.01	0.039168	10.194
19.99	20.01	0.039184	10.294
19.99	20.01	0.039201	10.394
19.99	20.00	0.039218	10.494
20.01	20.00	0.039234	10.618
20.01	20.00	0.039251	10.723
20.01	20.00	0.039268	10.823
20.01	20.00	0.039284	10.917
20.01	20.00	0.039301	11.022
20.01	20.00	0.039318	11.116
20.01	19.99	0.039334	11.216
20.01	19.99	0.039351	11.320
20.01	19.99	0.039368	11.415
20.01	19.99	0.039384	11.515
20.01	19.99	0.039401	11.619
20.01	19.99	0.039418	11.713
20.01	19.99	0.039434	11.813
20.01	19.99	0.039451	11.918
20.01	19.99	0.039468	12.012
20.01	19.99	0.039484	12.112
20.01	19.99	0.039501	12.216
20.01	19.99	0.039518	12.311
20.01	19.99	0.039534	12.411
20.01	20.00	0.039551	12.515
20.01	20.00	0.039568	12.609
20.01	20.00	0.039584	12.708
20.01	20.00	0.039601	12.814
19.99	20.00	0.039617	12.907
19.99	20.00	0.039634	13.007
19.99	20.00	0.039651	13.113
19.99	20.00	0.039667	13.206
19.99	20.01	0.039684	13.307
19.99	20.01	0.039701	13.410
19.99	20.01	0.039717	13.506
19.99	20.01	0.039734	13.607
19.99	20.01	0.039751	13.710
19.99	20.01	0.039767	13.804
19.99	20.01	0.039784	13.907
19.99	20.01	0.039801	14.009
19.99	20.01	0.039817	14.102
19.99	20.01	0.039834	14.207
19.99	20.01	0.039851	14.307
19.99	20.01	0.039867	14.402
19.99	20.01	0.039884	14.506
19.99	20.00	0.039901	14.606
20.01	20.00	0.039917	14.701
20.01	20.00	0.039934	14.805
20.01	20.00	0.039951	14.905
20.01	20.00	0.039967	14.999
20.01	20.00	0.039984	15.104
20.01	20.00	0.040001	15.198
20.01	19.99	0.040017	15.298
20.01	19.99	0.040034	15.402
20.01	19.99	0.040051	15.497
20.01	19.99	0.040067	15.597
20.01	19.99	0.040084	15.701
20.01	19.99	0.040101	15.796
20.01	19.99	0.040117	15.895
20.01	19.99	0.040134	16.000
20.01	19.99	0.040151	16.095
20.01	19.99	0.040167	16.194
20.01	19.99	0.040184	16.299
20.01	19.99	0.040201	16.394
20.01	19.99	0.040217	16.494
20.01	20.00	0.040234	16.597
19.99	20.00	0.040251	16.694
19.99	20.00	0.040267	16.794
19.99	20.00	0.040284	16.896
19.99	20.00	0.040301	16.994
19.99	20.00	0.040317	17.094
19.99	20.00	0.040334	17.194
19.99	20.00	0.040351	17.294
19.99	20.01	0.040367	17.394
19.99	20.01	0.040384	17.493
19.99	20.01	0.040401	17.594
19.99	20.01	0.040417	17.694
19.99	20.01	0.040434	17.795
19.99	20.01	0.040450	17.894
19.99	20.01	0.040467	17.994
19.99	20.01	0.040484	18.094
19.99	20.01	0.040500	18.194
19.99	20.01	0.040517	18.293
19.99	20.01	0.040534	18.394
19.99	20.01	0.040550	18.493
19.99	20.01	0.040567	18.594
20.01	20.00	0.040584	18.694
20.01	20.00	0.040600	18.794
20.01	20.00	0.040617	18.894
20.01	20.00	0.040634	18.994
20.01	20.00	0.040650	19.094
20.01	20.00	0.040667	19.194
20.01	20.00	0.040684	19.294
20.01	19.99	0.040700	19.394
20.01	19.99	0.040717	19.495
20.01	19.99	0.040734	19.594
20.01	19.99	0.040750	19.694
20.01	19.99	0.040767	19.794
20.01	19.99	0.040784	19.894
20.01	19.99	0.040800	19.994
20.01	19.99	0.040817	20.094
20.01	19.99	0.040834	20.194
20.01	19.99	0.040850	20.295
20.01	19.99	0.040867	20.394
20.01	19.99	0.040884	20.494
20.01	19.99	0.040900	20.594
20.01	20.00	0.040917	20.694
19.99	20.00	0.040934	20.794
19.99	20.00	0.040950	20.894
19.99	20.00	0.040967	20.995
19.99	20.00	0.040984	21.094
19.99	20.00	0.041000	21.194
19.99	20.00	0.041017	21.294
19.99	20.00	0.041034	21.394
19.99	20.01	0.041050	21.494
19.99	20.01	0.041067	21.594
19.99	20.01	0.041084	21.694
19.99	20.01	0.041100	21.794
19.99	20.01	0.041117	21.895
19.99	20.01	0.041134	21.994
19.99	20.01	0.041150	22.094
19.99	20.01	0.041167	22.218
19.99	20.01	0.041184	22.318
19.99	20.01	0.041200	22.422
19.99	20.01	0.041217	22.517
19.99	20.01	0.041234	22.616
19.99	20.01	0.041250	22.721
19.99	20.00	0.041267	22.816
20.01	20.00	0.041283	22.915
20.01	20.00	0.041300	23.020
20.01	20.00	0.041317	23.114
20.01	20.00	0.041333	23.214
20.01	20.00	0.041350	23.318
20.01	20.00	0.041367	23.413
20.01	19.99	0.041383	23.512
20.01	19.99	0.041400	23.617
20.01	19.99	0.041417	23.712
20.01	19.99	0.041433	23.811
20.01	19.99	0.041450	23.916
20.01	19.99	0.041467	24.010
20.01	19.99	0.041483	24.111
20.01	19.99	0.041500	24.214
20.01	19.99	0.041517	24.309
20.01	19.99	0.041533	24.410
20.01	19.99	0.041550	24.513
19.99	19.99	0.041567	24.607
19.99	19.99	0.041583	24.711
19.99	20.00	0.041600	24.811
19.99	20.00	0.041617	24.906
19.99	20.00	0.041633	25.010
19.99	20.00	0.041650	25.110
19.99	20.00	0.041667	25.204
19.99	20.00	0.041683	25.309
19.99	20.00	0.041700	25.409
19.99	20.00	0.041717	25.503
19.99	20.01	0.041733	25.608
19.99	20.01	0.041750	25.707
19.99	20.01	0.041767	25.802
19.99	20.01	0.041783	25.906
19.99	20.01	0.041800	26.006
19.99	20.01	0.041817	26.101
19.99	20.01	0.041833	26.205
19.99	20.01	0.041850	26.300
19.99	20.01	0.041867	26.400
19.99	20.01	0.041883	26.504
19.99	20.01	0.041900	26.599
19.99	20.01	0.041917	26.698
19.99	20.01	0.041933	26.803
20.01	20.00	0.041950	26.898
20.01	20.00	0.041967	26.997
20.01	20.00	0.041983	27.102
20.01	20.00	0.042000	27.196
20.01	20.00	0.042017	27.296
20.01	20.00	0.042033	27.400
20.01	20.00	0.042050	27.495
20.01	19.99	0.042067	27.595
20.01	19.99	0.042083	27.699
20.01	19.99	0.042100	27.794
20.01	19.99	0.042116	27.894
20.01	19.99	0.042133	27.998
20.01	19.99	0.042150	28.094
20.01	19.99	0.042166	28.194
20.01	19.99	0.042183	28.296
20.01	19.99	0.042200	28.394
20.01	19.99	0.042216	28.495
20.01	19.99	0.042233	28.595
20.01	19.99	0.042250	28.694
20.01	19.99	0.042266	28.794
20.01	20.00	0.042283	28.894
20.01	20.00	0.042300	28.994
20.01	20.00	0.042316	29.094
20.01	20.00	0.042333	29.194
19.99	20.00	0.042350	29.294
19.99	20.00	0.042366	29.395
19.99	20.00	0.042383	29.493
19.99	20.00	0.042400	29.594
19.99	20.01	0.042416	29.694
19.99	20.01	0.042433	29.794
19.99	20.01	0.042450	29.894
19.99	20.01	0.042466	29.994
19.99	20.01	0.042483	30.094
19.99	20.01	0.042500	30.194
19.99	20.01	0.042516	30.295
19.99	20.01	0.042533	30.394
19.99	20.01	0.042550	30.495
19.99	20.01	0.042566	30.595
19.99	20.01	0.042583	30.695
20.01	20.01	0.042600	30.795
20.01	20.01	0.042616	30.895
20.01	20.00	0.042633	30.996
20.01	20.00	0.042650	31.095
20.01	20.00	0.042666	31.195
20.01	20.00	0.042683	31.295
20.01	20.00	0.042700	31.395
20.01	20.00	0.042716	31.495
20.01	20.00	0.042733	31.595
20.01	19.99	0.042750	31.695
20.01	19.99	0.042766	31.795
20.01	19.99	0.042783	31.896
20.01	19.99	0.042800	31.995
20.01	19.99	0.042816	32.095
20.01	19.99	0.042833	32.195
20.01	19.99	0.042850	32.295
20.01	19.99	0.042866	32.395
20.01	19.99	0.042883	32.495
20.01	19.99	0.042900	32.596
20.01	19.99	0.042916	32.695
19.99	19.99	0.042933	32.795
19.99	19.99	0.042949	32.895
19.99	20.00	0.042966	32.995
19.99	20.00	0.042983	33.095
19.99	20.00	0.042999	33.195
19.99	20.00	0.043016	33.319
19.99	20.00	0.043033	33.395
19.99	20.00	0.043049	33.523
19.99	20.00	0.043066	33.618
19.99	20.00	0.043083	33.718
19.99	20.01	0.043099	33.822
19.99	20.01	0.043116	33.917
19.99	20.01	0.043133	34.016
19.99	20.01	0.043149	34.121
19.99	20.01	0.043166	34.215
19.99	20.01	0.043183	34.315
19.99	20.01	0.043199	34.420
19.99	20.01	0.043216	34.514
19.99	20.01	0.043233	34.614
19.99	20.01	0.043249	34.719
19.99	20.01	0.043266	34.813
19.99	20.01	0.043283	34.913
19.99	20.01	0.043299	35.017
20.01	20.00	0.043316	35.112
20.01	20.00	0.043333	35.214
20.01	20.00	0.043349	35.316
20.01	20.00	0.043366	35.411
20.01	20.00	0.043383	35.513
20.01	20.00	0.043399	35.615
20.01	20.00	0.043416	35.710
20.01	19.99	0.043433	35.813
20.01	19.99	0.043449	35.914
20.01	19.99	0.043466	36.009
20.01	19.99	0.043483	36.113
20.01	19.99	0.043499	36.213
20.01	19.99	0.043516	36.307
20.01	19.99	0.043533	36.412
20.01	19.99	0.043549	36.511
20.01	19.99	0.043566	36.606
20.01	19.99	0.043583	36.710
20.01	19.99	0.043599	36.810
20.01	19.99	0.043616	36.905
20.01	19.99	0.043633	37.009
20.01	20.00	0.043649	37.104
19.99	20.00	0.043666	37.203
19.99	20.00	0.043683	37.308
19.99	20.00	0.043699	37.401