100.00	0.00	7.23	30.00	150.00	2.70	97.30	0.50	

20.01	20.00	0.000000	13.553
20.01	20.00	0.000017	13.654
20.01	20.00	0.000033	13.751
19.99	20.00	0.000050	13.853
19.99	20.01	0.000067	13.952
19.99	20.01	0.000083	14.051
19.99	20.01	0.000100	14.152
19.99	20.01	0.000117	14.251
19.96	20.01	0.000133	14.351
19.96	20.01	0.000150	14.451
19.96	20.01	0.000167	14.551
19.96	20.01	0.000183	14.651
19.96	20.01	0.000200	14.752
19.96	20.01	0.000217	14.852
19.96	20.01	0.000233	14.952
19.96	20.01	0.000250	15.052
19.96	20.01	0.000267	15.152
19.96	20.00	0.000283	15.252
19.96	20.00	0.000300	15.352
19.99	20.00	0.000317	15.452
19.99	20.00	0.000333	15.552
19.99	20.00	0.000350	15.653
19.99	20.00	0.000367	15.753
20.01	20.00	0.000383	15.853
20.01	19.99	0.000400	15.953
20.01	19.99	0.000416	16.053
20.01	19.99	0.000433	16.153
20.01	19.99	0.000450	16.253
20.01	19.99	0.000466	16.354
20.01	19.99	0.000483	16.453
20.01	19.99	0.000500	16.553
20.04	19.99	0.000516	16.653
20.04	19.99	0.000533	16.753
20.04	19.99	0.000550	16.853
20.04	19.99	0.000566	16.953
20.04	19.99	0.000583	17.053
20.04	19.99	0.000600	17.154
20.01	20.00	0.000616	17.253
20.01	20.00	0.000633	17.353
20.01	20.00	0.000650	17.453
20.01	20.00	0.000666	17.553
20.01	20.00	0.000683	17.653
20.01	20.00	0.000700	17.753
20.01	20.00	0.000716	17.853
20.01	20.00	0.000733	17.953
20.01	20.01	0.000750	18.053
19.99	20.01	0.000766	18.153
19.99	20.01	0.000783	18.253
19.99	20.01	0.000800	18.353
19.99	20.01	0.000816	18.453
19.99	20.01	0.000833	18.553
19.99	20.01	0.000850	18.677
19.99	20.01	0.000866	18.777
19.99	20.01	0.000883	18.881
20.01	20.01	0.000900	18.976
20.01	20.01	0.000916	19.076
20.01	20.01	0.000933	19.180
20.01	20.01	0.000950	19.275
20.01	20.00	0.000966	19.375
20.01	20.00	0.000983	19.478
20.01	20.00	0.001000	19.573
20.01	20.00	0.001016	19.675
20.01	20.00	0.001033	19.777
20.01	20.00	0.001050	19.872
20.01	20.00	0.001066	19.976
20.01	19.99	0.001083	20.077
20.01	19.99	0.001100	20.170
20.01	19.99	0.001116	20.275
20.01	19.99	0.001133	20.374
20.01	19.99	0.001150	20.469
20.01	19.99	0.001166	20.574
20.01	19.99	0.001183	20.673
20.01	19.99	0.001200	20.768
20.01	19.99	0.001216	20.872
20.01	19.99	0.001233	20.972
20.01	19.99	0.001250	21.066
20.01	19.99	0.001266	21.171
20.01	19.99	0.001283	21.266
20.01	20.00	0.001299	21.365
20.01	20.00	0.001316	21.470
20.01	20.00	0.001333	21.564
20.01	20.00	0.001349	21.664
20.01	20.00	0.001366	21.768
19.99	20.00	0.001383	21.863
19.99	20.00	0.001399	21.962
19.99	20.00	0.001416	22.067
19.99	20.01	0.001433	22.162
19.99	20.01	0.001449	22.261
19.99	20.01	0.001466	22.366
19.99	20.01	0.001483	22.460
19.99	20.01	0.001499	22.560
19.99	20.01	0.001516	22.664
19.99	20.01	0.001533	22.759
19.99	20.01	0.001549	22.859
19.99	20.01	0.001566	22.963
19.99	20.01	0.001583	23.058
19.99	20.01	0.001599	23.157
19.99	20.01	0.001616	23.262
19.99	20.01	0.001633	23.356
20.01	20.00	0.001649	23.457
20.01	20.00	0.001666	23.561
20.01	20.00	0.001683	23.656
20.01	20.00	0.001699	23.757
20.01	20.00	0.001716	23.860
20.01	20.00	0.001733	23.955
20.01	20.00	0.001749	24.056
20.01	19.99	0.001766	24.159
20.01	19.99	0.001783	24.254
20.01	19.99	0.001799	24.357
20.01	19.99	0.001816	24.457
20.01	19.99	0.001833	24.554
20.01	19.99	0.001849	24.657
20.01	19.99	0.001866	24.756
20.01	19.99	0.001883	24.854
20.01	19.99	0.001899	24.955
20.01	19.99	0.001916	25.055
20.01	19.99	0.001933	25.154
20.01	19.99	0.001949	25.254
20.01	19.99	0.001966	25.355
19.99	20.00	0.001983	25.454
19.99	20.00	0.001999	25.554
19.99	20.00	0.002016	25.654
19.99	20.00	0.002033	25.754
19.99	20.00	0.002049	25.854
19.99	20.00	0.002066	25.954
19.99	20.00	0.002082	26.053
19.99	20.00	0.002099	26.154
19.99	20.01	0.002116	26.255
19.99	20.01	0.002132	26.354
19.99	20.01	0.002149	26.454
19.99	20.01	0.002166	26.554
19.99	20.01	0.002182	26.654
19.99	20.01	0.002199	26.754
19.99	20.01	0.002216	26.854
19.99	20.01	0.002232	26.954
19.99	20.01	0.002249	27.054
19.99	20.01	0.002266	27.154
19.99	20.01	0.002282	27.254
19.99	20.01	0.002299	27.354
19.99	20.01	0.002316	27.454
19.99	20.00	0.002332	27.554
20.01	20.00	0.002349	27.654
20.01	20.00	0.002366	27.754
20.01	20.00	0.002382	27.855
20.01	20.00	0.002399	27.954
20.01	20.00	0.002416	28.054
20.01	20.00	0.002432	28.154
20.01	19.99	0.002449	28.254
20.01	19.99	0.002466	28.354
20.01	19.99	0.002482	28.454
20.01	19.99	0.002499	28.554
20.01	19.99	0.002516	28.654
20.01	19.99	0.002532	28.755
20.01	19.99	0.002549	28.854
20.01	19.99	0.002566	28.954
20.01	19.99	0.002582	29.054
20.01	19.99	0.002599	29.154
20.01	19.99	0.002616	29.254
20.01	19.99	0.002632	29.354
20.01	19.99	0.002649	29.454
19.99	20.00	0.002666	29.554
19.99	20.00	0.002682	29.654
19.99	20.00	0.002699	29.754
19.99	20.00	0.002716	29.854
19.99	20.00	0.002732	29.953
19.99	20.00	0.002749	30.053
19.99	20.00	0.002766	30.154
19.99	20.00	0.002782	30.282
19.99	20.01	0.002799	30.376
19.99	20.01	0.002816	30.454
19.99	20.01	0.002832	30.581
19.99	20.01	0.002849	30.675
19.99	20.01	0.002866	30.754
19.99	20.01	0.002882	30.879
19.99	20.01	0.002899	30.974
19.99	20.01	0.002915	31.078
19.99	20.01	0.002932	31.178
19.99	20.01	0.002949	31.272
19.99	20.01	0.002965	31.377
19.99	20.01	0.002982	31.477
20.01	20.01	0.002999	31.571
20.01	20.00	0.003015	31.677
20.01	20.00	0.003032	31.775
20.01	20.00	0.003049	31.870
20.01	20.00	0.003065	31.974
20.01	20.00	0.003082	32.074
20.01	20.00	0.003099	32.169
20.01	20.00	0.003115	32.274
20.01	19.99	0.003132	32.369
20.01	19.99	0.003149	32.468
20.01	19.99	0.003165	32.573
20.01	19.99	0.003182	32.666
20.01	19.99	0.003199	32.767
20.01	19.99	0.003215	32.871
20.01	19.99	0.003232	32.966
20.01	19.99	0.003249	33.066
20.01	19.99	0.003265	33.170
20.01	19.99	0.003282	33.265
20.01	19.99	0.003299	33.364
20.01	19.99	0.003315	33.469
20.01	19.99	0.003332	33.562
20.01	20.00	0.003349	33.663
19.99	20.00	0.003365	33.767
19.99	20.00	0.003382	33.861
19.99	20.00	0.003399	33.962
19.99	20.00	0.003415	34.066
19.99	20.00	0.003432	34.161
19.99	20.00	0.003449	34.259
19.99	20.00	0.003465	34.365
19.99	20.01	0.003482	34.459
19.99	20.01	0.003499	34.560
19.99	20.01	0.003515	34.664
19.99	20.01	0.003532	34.758
19.99	20.01	0.003549	34.860
19.99	20.01	0.003565	34.962
19.99	20.01	0.003582	35.057
19.99	20.01	0.003599	35.159
19.99	20.01	0.003615	35.261
19.99	20.01	0.003632	35.355
19.99	20.01	0.003649	35.460
19.99	20.01	0.003665	35.560
19.99	20.01	0.003682	35.654
19.99	20.00	0.003699	35.759
19.99	20.00	0.003715	35.858
19.99	20.00	0.003732	35.954
19.99	20.00	0.003748	36.057
19.99	20.00	0.003765	36.157
20.01	20.00	0.003782	36.255
20.01	20.00	0.003798	36.356
20.01	19.99	0.003815	36.456
20.01	19.99	0.003832	36.554
20.01	19.99	0.003848	36.655
20.01	19.99	0.003865	36.756
20.01	19.99	0.003882	36.854
20.01	19.99	0.003898	36.954
20.01	19.99	0.003915	37.056
20.01	19.99	0.003932	37.154
20.01	19.99	0.003948	37.254
20.01	19.99	0.003965	37.356
20.01	19.99	0.003982	37.454
20.01	19.99	0.003998	37.554
19.99	19.99	0.004015	37.656
19.99	20.00	0.004032	37.754
19.99	20.00	0.004048	37.854
19.99	20.00	0.004065	37.957
19.99	20.00	0.004082	38.054
19.99	20.00	0.004098	38.154
19.99	20.00	0.004115	38.256
19.99	20.00	0.004132	38.354
19.99	20.00	0.004148	38.454
19.99	20.01	0.004165	38.556
19.99	20.01	0.004182	38.654
19.99	20.01	0.004198	38.754
19.99	20.01	0.004215	38.857
19.99	20.01	0.004232	38.954
19.99	20.01	0.004248	39.055
19.99	20.01	0.004265	39.156
19.99	20.01	0.004282	39.255
19.99	20.01	0.004298	39.355
19.99	20.01	0.004315	39.457
19.99	20.01	0.004332	39.555
19.99	20.01	0.004348	39.655
20.01	20.01	0.004365	39.757
20.01	20.00	0.004382	39.855
20.01	20.00	0.004398	39.955
20.01	20.00	0.004415	40.057
20.01	20.00	0.004432	40.155
20.01	20.00	0.004448	40.255
20.01	20.00	0.004465	40.357
20.01	20.00	0.004482	40.455
20.01	19.99	0.004498	40.555
20.01	19.99	0.004515	40.657
20.01	19.99	0.004532	40.756
20.01	19.99	0.004548	40.855
20.01	19.99	0.004565	40.957
20.01	19.99	0.004581	41.055
20.01	19.99	0.004598	41.155
20.01	19.99	0.004615	41.257
20.01	19.99	0.004631	41.384
20.01	19.99	0.004648	41.479
20.01	19.99	0.004665	41.558
19.99	19.99	0.004681	41.683
19.99	19.99	0.004698	41.778
19.99	20.00	0.004715	41.857
19.99	20.00	0.004731	41.982
19.99	20.00	0.004748	42.076
19.99	20.00	0.004765	42.181
19.99	20.00	0.004781	42.280
19.99	20.00	0.004798	42.375
19.99	20.00	0.004815	42.479
19.99	20.00	0.004831	42.579
19.99	20.01	0.004848	42.674
19.99	20.01	0.004865	42.778
19.99	20.01	0.004881	42.878
19.99	20.01	0.004898	42.972
19.99	20.01	0.004915	43.077
19.99	20.01	0.004931	43.171
19.99	20.01	0.004948	43.271
19.99	20.01	0.004965	43.376
19.99	20.01	0.004981	43.470
19.99	20.01	0.004998	43.570
19.99	20.01	0.005015	43.674
19.99	20.01	0.005031	43.769
19.99	20.01	0.005048	43.868
19.99	20.00	0.005065	43.973
19.99	20.00	0.005081	44.067
20.01	20.00	0.005098	44.167
20.01	20.00	0.005115	44.272
20.01	20.00	0.005131	44.366
20.01	20.00	0.005148	44.466
20.01	20.00	0.005165	44.570
20.01	19.99	0.005181	44.666
20.01	19.99	0.005198	44.764
20.01	19.99	0.005215	44.869
20.01	19.99	0.005231	44.964
20.01	19.99	0.005248	45.063
20.01	19.99	0.005265	45.169
20.01	19.99	0.005281	45.262
20.01	19.99	0.005298	45.363
20.01	19.99	0.005315	45.466
20.01	19.99	0.005331	45.561
20.01	19.99	0.005348	45.662
20.01	19.99	0.005365	45.765
20.01	19.99	0.005381	45.860
19.99	20.00	0.005398	45.963
19.99	20.00	0.005414	46.064
19.99	20.00	0.005431	46.158
19.99	20.00	0.005448	46.263
19.99	20.00	0.005464	46.362
19.99	20.00	0.005481	46.457
19.99	20.00	0.005498	46.562
19.99	20.00	0.005514	46.661
19.99	20.01	0.005531	46.756
19.99	20.01	0.005548	46.860
19.99	20.01	0.005564	46.960
19.99	20.01	0.005581	47.056
19.99	20.01	0.005598	47.159
19.99	20.01	0.005614	47.259
19.99	20.01	0.005631	47.357
19.99	20.01	0.005648	47.458
19.99	20.01	0.005664	47.559
19.99	20.01	0.005681	47.657
19.99	20.01	0.005698	47.757
20.01	20.01	0.005714	47.859
20.01	20.01	0.005731	47.957
20.01	20.00	0.005748	48.057
20.01	20.00	0.005764	48.159
20.01	20.00	0.005781	48.257
20.01	20.00	0.005798	48.357
20.01	20.00	0.005814	48.459
20.01	20.00	0.005831	48.557
20.01	20.00	0.005848	48.657
20.01	19.99	0.005864	48.760
20.01	19.99	0.005881	48.857
20.01	19.99	0.005898	48.957
20.01	19.99	0.005914	49.060
20.01	19.99	0.005931	49.157
20.01	19.99	0.005948	49.257
20.01	19.99	0.005964	49.359
20.01	19.99	0.005981	49.457
20.01	19.99	0.005998	49.557
20.01	19.99	0.006014	49.660
20.01	19.99	0.006031	49.757
20.01	19.99	0.006048	49.857
20.01	19.99	0.006064	49.960
20.01	20.00	0.006081	50.057
20.01	20.00	0.006098	50.158
19.99	20.00	0.006114	50.260
19.99	20.00	0.006131	50.358
19.99	20.00	0.006148	50.458
19.99	20.00	0.006164	50.560
19.99	20.00	0.006181	50.658
19.99	20.00	0.006198	50.758
19.99	20.01	0.006214	50.860
19.99	20.01	0.006231	50.958
19.99	20.01	0.006247	51.058
19.99	20.01	0.006264	51.160
19.99	20.01	0.006281	51.258
19.99	20.01	0.006297	51.358
19.99	20.01	0.006314	51.461
19.99	20.01	0.006331	51.558
19.99	20.01	0.006347	51.658
19.99	20.01	0.006364	51.760
19.99	20.01	0.006381	51.858
19.99	20.01	0.006397	51.958
19.99	20.01	0.006414	52.061
19.99	20.00	0.006431	52.159
19.99	20.00	0.006447	52.258
19.99	20.00	0.006464	52.361
20.01	20.00	0.006481	52.487
20.01	20.00	0.006497	52.582
20.01	20.00	0.006514	52.660
20.01	20.00	0.006531	52.786
20.01	19.99	0.006547	52.880
20.01	19.99	0.006564	52.985
20.01	19.99	0.006581	53.084
20.01	19.99	0.006597	53.179
20.01	19.99	0.006614	53.284
20.01	19.99	0.006631	53.383
20.01	19.99	0.006647	53.478
20.01	19.99	0.006664	53.582
20.01	19.99	0.006681	53.682
20.01	19.99	0.006697	53.776
20.01	19.99	0.006714	53.881
20.01	19.99	0.006731	53.976
20.01	19.99	0.006747	54.075
19.99	20.00	0.006764	54.179
19.99	20.00	0.006781	54.274
19.99	20.00	0.006797	54.373
19.99	20.00	0.006814	54.478
19.99	20.00	0.006831	54.572
19.99	20.00	0.006847	54.672
19.99	20.00	0.006864	54.777
19.99	20.00	0.006881	54.871
19.99	20.01	0.006897	54.971
19.99	20.01	0.006914	55.075
19.99	20.01	0.006931	55.170
19.99	20.01	0.006947	55.270
19.99	20.01	0.006964	55.374
19.99	20.01	0.006981	55.469
19.99	20.01	0.006997	55.569
19.99	20.01	0.007014	55.673
19.99	20.01	0.007031	55.768
19.99	20.01	0.007047	55.867
19.99	20.01	0.007064	55.972
19.99	20.01	0.007080	56.066
19.99	20.01	0.007097	56.166
19.99	20.00	0.007114	56.270
19.99	20.00	0.007130	56.365
19.99	20.00	0.007147	56.466
20.01	20.00	0.007164	56.569
20.01	20.00	0.007180	56.663
20.01	20.00	0.007197	56.766
20.01	20.00	0.007214	56.867
20.01	19.99	0.007230	56.962
20.01	19.99	0.007247	57.067
20.01	19.99	0.007264	57.166
20.01	19.99	0.007280	57.261
20.01	19.99	0.007297	57.365
20.01	19.99	0.007314	57.465
20.01	19.99	0.007330	57.559
20.01	19.99	0.007347	57.664
20.01	19.99	0.007364	57.763
20.01	19.99	0.007380	57.858
20.01	19.99	0.007397	57.963
20.01	19.99	0.007414	58.062
20.01	19.99	0.007430	58.158
20.01	20.00	0.007447	58.261
20.01	20.00	0.007464	58.362
20.01	20.00	0.007480	58.458
19.99	20.00	0.007497	58.560
19.99	20.00	0.007514	58.663
19.99	20.00	0.007530	58.759
19.99	20.00	0.007547	58.859
19.99	20.00	0.007564	58.962
19.99	20.01	0.007580	59.059
19.99	20.01	0.007597	59.159
19.99	20.01	0.007614	59.263
19.99	20.01	0.007630	59.359
19.99	20.01	0.007647	59.459
19.99	20.01	0.007664	59.563
19.99	20.01	0.007680	59.659
19.99	20.01	0.007697	59.759
19.99	20.01	0.007714	59.862
19.99	20.01	0.007730	59.959
19.99	20.01	0.007747	00.059
19.99	20.01	0.007764	00.163
20.01	20.01	0.007780	00.262
20.01	20.00	0.007797	00.361
20.01	20.00	0.007814	00.463
20.01	20.00	0.007830	00.561
20.01	20.00	0.007847	00.661
20.01	20.00	0.007864	00.763
20.01	20.00	0.007880	00.861
20.01	20.00	0.007897	00.961
20.01	19.99	0.007913	01.063
20.01	19.99	0.007930	01.161
20.01	19.99	0.007947	01.261
20.01	19.99	0.007963	01.363
20.01	19.99	0.007980	01.461
20.01	19.99	0.007997	01.561
20.01	19.99	0.008013	01.663
20.01	19.99	0.008030	01.761
20.01	19.99	0.008047	01.861
20.01	19.99	0.008063	01.964
20.01	19.99	0.008080	02.061
20.01	19.99	0.008097	02.161
20.01	19.99	0.008113	02.263
20.01	20.00	0.008130	02.361
19.99	20.00	0.008147	02.461
19.99	20.00	0.008163	02.564
19.99	20.00	0.008180	02.662
19.99	20.00	0.008197	02.787
19.99	20.00	0.008213	02.864
19.99	20.00	0.008230	02.991
19.99	20.00	0.008247	03.086
19.99	20.01	0.008263	03.163
19.99	20.01	0.008280	03.290
19.99	20.01	0.008297	03.384
19.99	20.01	0.008313	03.464
19.99	20.01	0.008330	03.589
19.99	20.01	0.008347	03.683
19.99	20.01	0.008363	03.788
19.99	20.01	0.008380	03.887
19.99	20.01	0.008397	03.982
19.99	20.01	0.008413	04.086
19.99	20.01	0.008430	04.186
19.99	20.01	0.008447	04.280
19.99	20.01	0.008463	04.385
19.99	20.00	0.008480	04.485
19.99	20.00	0.008497	04.580
19.99	20.00	0.008513	04.685
20.01	20.00	0.008530	04.779
20.01	20.00	0.008547	04.879
20.01	20.00	0.008563	04.983
20.01	20.00	0.008580	05.078
20.01	19.99	0.008597	05.177
20.01	19.99	0.008613	05.282
20.01	19.99	0.008630	05.377
20.01	19.99	0.008647	05.476
20.01	19.99	0.008663	05.581
20.01	19.99	0.008680	05.675
20.01	19.99	0.008697	05.775
20.01	19.99	0.008713	05.879
20.01	19.99	0.008730	05.974
20.01	19.99	0.008746	06.073
20.01	19.99	0.008763	06.178
19.99	19.99	0.008780	06.272
19.99	19.99	0.008796	06.372
19.99	20.00	0.008813	06.476
19.99	20.00	0.008830	06.571
19.99	20.00	0.008846	06.671
19.99	20.00	0.008863	06.775
19.99	20.00	0.008880	06.869
19.99	20.00	0.008896	06.969
19.99	20.00	0.008913	07.073
19.99	20.00	0.008930	07.168
19.99	20.01	0.008946	07.269
19.99	20.01	0.008963	07.373
19.99	20.01	0.008980	07.467
19.99	20.01	0.008996	07.569
19.99	20.01	0.009013	07.671
19.99	20.01	0.009030	07.765
19.99	20.01	0.009046	07.870
19.99	20.01	0.009063	07.970
19.99	20.01	0.009080	08.064
19.99	20.01	0.009096	08.169
19.99	20.01	0.009113	08.268
19.99	20.01	0.009130	08.363
19.99	20.01	0.009146	08.467
20.01	20.00	0.009163	08.568
20.01	20.00	0.009180	08.663
20.01	20.00	0.009196	08.767
20.01	20.00	0.009213	08.866
20.01	20.00	0.009230	08.964
20.01	20.00	0.009246	09.065
20.01	20.00	0.009263	09.166
20.01	19.99	0.009280	09.264
20.01	19.99	0.009296	09.364
20.01	19.99	0.009313	09.465
20.01	19.99	0.009330	09.564
20.01	19.99	0.009346	09.664
20.01	19.99	0.009363	09.766
20.01	19.99	0.009380	09.865
20.01	19.99	0.009396	09.964
20.01	19.99	0.009413	10.066
20.01	19.99	0.009430	10.165
20.01	19.99	0.009446	10.265
20.01	19.99	0.009463	10.365
20.01	19.99	0.009480	10.465
20.01	20.00	0.009496	10.565
20.01	20.00	0.009513	10.666
20.01	20.00	0.009530	10.765
20.01	20.00	0.009546	10.865
20.01	20.00	0.009563	10.966
19.99	20.00	0.009579	11.065
19.99	20.00	0.009596	11.165
19.99	20.00	0.009613	11.266
19.99	20.01	0.009629	11.365
19.99	20.01	0.009646	11.466
19.99	20.01	0.009663	11.566
19.99	20.01	0.009679	11.665
19.99	20.01	0.009696	11.765
19.99	20.01	0.009713	11.866
19.99	20.01	0.009729	11.965
19.99	20.01	0.009746	12.065
19.99	20.01	0.009763	12.166
19.99	20.01	0.009779	12.266
19.99	20.01	0.009796	12.366
19.99	20.01	0.009813	12.466
19.99	20.01	0.009829	12.566
19.99	20.00	0.009846	12.666
20.01	20.00	0.009863	12.767
20.01	20.00	0.009879	12.866
20.01	20.00	0.009896	12.966
20.01	20.00	0.009913	13.067
20.01	20.00	0.009929	13.166
20.01	20.00	0.009946	13.266
20.01	19.99	0.009963	13.367
20.01	19.99	0.009979	13.466
20.01	19.99	0.009996	13.566
20.01	19.99	0.010013	13.667
20.01	19.99	0.010029	13.765
20.01	19.99	0.010046	13.889
20.01	19.99	0.010063	13.967
20.01	19.99	0.010079	14.094
20.01	19.99	0.010096	14.188
20.01	19.99	0.010113	14.267
20.01	19.99	0.010129	14.392
19.99	19.99	0.010146	14.487
19.99	19.99	0.010163	14.567
19.99	20.00	0.010179	14.691
19.99	20.00	0.010196	14.785
19.99	20.00	0.010213	14.891
19.99	20.00	0.010229	14.990
19.99	20.00	0.010246	15.085
19.99	20.00	0.010263	15.189
19.99	20.00	0.010279	15.289
19.99	20.00	0.010296	15.383
19.99	20.01	0.010313	15.488
19.99	20.01	0.010329	15.582
19.99	20.01	0.010346	15.682
19.99	20.01	0.010363	15.787
19.99	20.01	0.010379	15.881
19.99	20.01	0.010396	15.981
19.99	20.01	0.010412	16.085
19.99	20.01	0.010429	16.180
19.99	20.01	0.010446	16.279
19.99	20.01	0.010462	16.384
19.99	20.01	0.010479	16.479
19.99	20.01	0.010496	16.578
19.99	20.01	0.010512	16.683
19.99	20.00	0.010529	16.777
19.99	20.00	0.010546	16.877
19.99	20.00	0.010562	16.981
20.01	20.00	0.010579	17.076
20.01	20.00	0.010596	17.176
20.01	20.00	0.010612	17.280
20.01	20.00	0.010629	17.375
20.01	19.99	0.010646	17.474
20.01	19.99	0.010662	17.579
20.01	19.99	0.010679	17.673
20.01	19.99	0.010696	17.773
20.01	19.99	0.010712	17.877
20.01	19.99	0.010729	17.972
20.01	19.99	0.010746	18.073
20.01	19.99	0.010762	18.176
20.01	19.99	0.010779	18.271
20.01	19.99	0.010796	18.372
20.01	19.99	0.010812	18.475
20.01	19.99	0.010829	18.569
20.01	19.99	0.010846	18.672
20.01	20.00	0.010862	18.773
19.99	20.00	0.010879	18.868
19.99	20.00	0.010896	18.972
19.99	20.00	0.010912	19.072
19.99	20.00	0.010929	19.166
19.99	20.00	0.010946	19.271
19.99	20.00	0.010962	19.370
19.99	20.00	0.010979	19.466
19.99	20.01	0.010996	19.569
19.99	20.01	0.011012	19.669
19.99	20.01	0.011029	19.766
19.99	20.01	0.011046	19.868
19.99	20.01	0.011062	19.969
19.99	20.01	0.011079	20.066
19.99	20.01	0.011096	20.167
19.99	20.01	0.011112	20.268
19.99	20.01	0.011129	20.366
19.99	20.01	0.011146	20.467
19.99	20.01	0.011162	20.569
19.99	20.01	0.011179	20.666
19.99	20.01	0.011196	20.766
19.99	20.00	0.011212	20.869
20.01	20.00	0.011229	20.966
20.01	20.00	0.011245	21.066
20.01	20.00	0.011262	21.168
20.01	20.00	0.011279	21.266
20.01	20.00	0.011295	21.366
20.01	20.00	0.011312	21.469
20.01	19.99	0.011329	21.566
20.01	19.99	0.011345	21.666
20.01	19.99	0.011362	21.769
20.01	19.99	0.011379	21.866
20.01	19.99	0.011395	21.966
20.01	19.99	0.011412	22.070
20.01	19.99	0.011429	22.166
20.01	19.99	0.011445	22.266
20.01	19.99	0.011462	22.369
20.01	19.99	0.011479	22.465
20.01	19.99	0.011495	22.565
20.01	19.99	0.011512	22.670
20.01	19.99	0.011529	22.765
20.01	20.00	0.011545	22.866
20.01	20.00	0.011562	22.970
19.99	20.00	0.011579	23.066
19.99	20.00	0.011595	23.166
19.99	20.00	0.011612	23.269
19.99	20.00	0.011629	23.366
19.99	20.00	0.011645	23.466
19.99	20.00	0.011662	23.570
19.99	20.01	0.011679	23.667
19.99	20.01	0.011695	23.766
19.99	20.01	0.011712	23.870
19.99	20.01	0.011729	23.966
19.99	20.01	0.011745	24.066
19.99	20.01	0.011762	24.170
19.99	20.01	0.011779	24.266
19.99	20.01	0.011795	24.366
19.99	20.01	0.011812	24.470
19.99	20.01	0.011829	24.566
19.99	20.01	0.011845	24.665
19.99	20.01	0.011862	24.770
20.01	20.01	0.011879	24.866
20.01	20.00	0.011895	24.966
20.01	20.00	0.011912	25.070
20.01	20.00	0.011929	25.166
20.01	20.00	0.011945	25.290
20.01	20.00	0.011962	25.370
20.01	20.00	0.011979	25.465
20.01	20.00	0.011995	25.589
20.01	19.99	0.012012	25.694
20.01	19.99	0.012029	25.793
20.01	19.99	0.012045	25.888
20.01	19.99	0.012062	25.992
20.01	19.99	0.012078	26.092
20.01	19.99	0.012095	26.187
20.01	19.99	0.012112	26.291
20.01	19.99	0.012128	26.391
20.01	19.99	0.012145	26.486
20.01	19.99	0.012162	26.590
19.99	19.99	0.012178	26.685
19.99	19.99	0.012195	26.784
19.99	19.99	0.012212	26.889
19.99	20.00	0.012228	26.983
19.99	20.00	0.012245	27.083
19.99	20.00	0.012262	27.187
19.99	20.00	0.012278	27.282
19.99	20.00	0.012295	27.382
19.99	20.00	0.012312	27.486
19.99	20.00	0.012328	27.581
19.99	20.00	0.012345	27.680
19.99	20.01	0.012362	27.785
19.99	20.01	0.012378	27.879
19.99	20.01	0.012395	27.979
19.99	20.01	0.012412	28.083
19.99	20.01	0.012428	28.178
19.99	20.01	0.012445	28.278
19.99	20.01	0.012462	28.382
19.99	20.01	0.012478	28.477
19.99	20.01	0.012495	28.576
19.99	20.01	0.012512	28.681
19.99	20.01	0.012528	28.775
19.99	20.01	0.012545	28.876
19.99	20.01	0.012562	28.980
20.01	20.00	0.012578	29.074
20.01	20.00	0.012595	29.176
20.01	20.00	0.012612	29.278
20.01	20.00	0.012628	29.373
20.01	20.00	0.012645	29.476
20.01	20.00	0.012662	29.577
20.01	20.00	0.012678	29.671
20.01	19.99	0.012695	29.776
20.01	19.99	0.012712	29.876
20.01	19.99	0.012728	29.970
20.01	19.99	0.012745	30.075
20.01	19.99	0.012762	30.174
20.01	19.99	0.012778	30.269
20.01	19.99	0.012795	30.373
20.01	19.99	0.012812	30.473
20.01	19.99	0.012828	30.568
20.01	19.99	0.012845	30.672
20.01	19.99	0.012862	30.772
20.01	19.99	0.012878	30.866
20.01	19.99	0.012895	30.971
20.01	20.00	0.012911	31.066
19.99	20.00	0.012928	31.166
19.99	20.00	0.012945	31.270
19.99	20.00	0.012961	31.366
19.99	20.00	0.012978	31.466
19.99	20.00	0.012995	31.568
19.99	20.00	0.013011	31.666
19.99	20.00	0.013028	31.766
19.99	20.01	0.013045	31.867
19.99	20.01	0.013061	31.966
19.99	20.01	0.013078	32.066
19.99	20.01	0.013095	32.167
19.99	20.01	0.013111	32.266
19.99	20.01	0.013128	32.366
19.99	20.01	0.013145	32.466
19.99	20.01	0.013161	32.566
19.99	20.01	0.013178	32.666
19.99	20.01	0.013195	32.766
19.99	20.01	0.013211	32.866
19.99	20.01	0.013228	32.966
19.99	20.01	0.013245	33.066
20.01	20.00	0.013261	33.166
20.01	20.00	0.013278	33.266
20.01	20.00	0.013295	33.366
20.01	20.00	0.013311	33.466
20.01	20.00	0.013328	33.566
20.01	20.00	0.013345	33.666
20.01	20.00	0.013361	33.767
20.01	19.99	0.013378	33.866
20.01	19.99	0.013395	33.966
20.01	19.99	0.013411	34.066
20.01	19.99	0.013428	34.166
20.01	19.99	0.013445	34.266
20.01	19.99	0.013461	34.366
20.01	19.99	0.013478	34.466
20.01	19.99	0.013495	34.566
20.01	19.99	0.013511	34.667
20.01	19.99	0.013528	34.766
20.01	19.99	0.013545	34.866
20.01	19.99	0.013561	34.966
19.99	19.99	0.013578	35.066
19.99	20.00	0.013595	35.166
19.99	20.00	0.013611	35.266
19.99	20.00	0.013628	35.366
19.99	20.00	0.013645	35.466
19.99	20.00	0.013661	35.567
19.99	20.00	0.013678	35.666
19.99	20.00	0.013695	35.766
19.99	20.00	0.013711	35.866
19.99	20.01	0.013728	35.966
19.99	20.01	0.013744	36.066
19.99	20.01	0.013761	36.166
19.99	20.01	0.013778	36.266
19.99	20.01	0.013794	36.366
19.99	20.01	0.013811	36.466
19.99	20.01	0.013828	36.566
19.99	20.01	0.013844	36.667
19.99	20.01	0.013861	36.766
19.99	20.01	0.013878	36.866
19.99	20.01	0.013894	36.990
19.99	20.01	0.013911	37.095
19.99	20.01	0.013928	37.194
19.99	20.00	0.013944	37.289
20.01	20.00	0.013961	37.393
20.01	20.00	0.013978	37.488
20.01	20.00	0.013994	37.587
20.01	20.00	0.014011	37.692
20.01	20.00	0.014028	37.787
20.01	20.00	0.014044	37.886
20.01	19.99	0.014061	37.991
20.01	19.99	0.014078	38.085
20.01	19.99	0.014094	38.185
20.01	19.99	0.014111	38.289
20.01	19.99	0.014128	38.384
20.01	19.99	0.014144	38.484
20.01	19.99	0.014161	38.588
20.01	19.99	0.014178	38.683
20.01	19.99	0.014194	38.782
20.01	19.99	0.014211	38.887
20.01	19.99	0.014228	38.981
20.01	19.99	0.014244	39.081
20.01	19.99	0.014261	39.185
20.01	20.00	0.014278	39.280
19.99	20.00	0.014294	39.380
19.99	20.00	0.014311	39.484
19.99	20.00	0.014328	39.579
19.99	20.00	0.014344	39.679
19.99	20.00	0.014361	39.783
19.99	20.00	0.014378	39.878
19.99	20.00	0.014394	39.978
19.99	20.01	0.014411	40.082
19.99	20.01	0.014428	40.177
19.99	20.01	0.014444	40.279
19.99	20.01	0.014461	40.381
19.99	20.01	0.014478	40.475
19.99	20.01	0.014494	40.579
19.99	20.01	0.014511	40.679
19.99	20.01	0.014528	40.774
19.99	20.01	0.014544	40.879
19.99	20.01	0.014561	40.978
20.01	20.01	0.014577	41.073
20.01	20.01	0.014594	41.177
20.01	20.01	0.014611	41.277
20.01	20.00	0.014627	41.371
20.01	20.00	0.014644	41.476
20.01	20.00	0.014661	41.575
20.01	20.00	0.014677	41.670
20.01	20.00	0.014694	41.774
20.01	20.00	0.014711	41.869
20.01	20.00	0.014727	41.969
20.01	19.99	0.014744	42.073
20.01	19.99	0.014761	42.168
20.01	19.99	0.014777	42.267
20.01	19.99	0.014794	42.372
20.01	19.99	0.014811	42.467
20.01	19.99	0.014827	42.566
20.01	19.99	0.014844	42.671
20.01	19.99	0.014861	42.766
20.01	19.99	0.014877	42.866
20.01	19.99	0.014894	42.969
19.99	19.99	0.014911	43.066
19.99	19.99	0.014927	43.167
19.99	19.99	0.014944	43.268
19.99	20.00	0.014961	43.366
19.99	20.00	0.014977	43.466
19.99	20.00	0.014994	43.567
19.99	20.00	0.015011	43.666
19.99	20.00	0.015027	43.766
19.99	20.00	0.015044	43.866
19.99	20.00	0.015061	43.966
19.99	20.00	0.015077	44.067
19.99	20.01	0.015094	44.166
19.99	20.01	0.015111	44.266
19.99	20.01	0.015127	44.366
19.99	20.01	0.015144	44.466
19.99	20.01	0.015161	44.566
19.99	20.01	0.015177	44.666
19.99	20.01	0.015194	44.766
19.99	20.01	0.015211	44.866
19.99	20.01	0.015227	44.966
19.99	20.01	0.015244	45.066
19.99	20.01	0.015261	45.166
19.99	20.01	0.015277	45.266
19.99	20.01	0.015294	45.366
20.01	20.00	0.015311	45.466
20.01	20.00	0.015327	45.566
20.01	20.00	0.015344	45.667
20.01	20.00	0.015361	45.766
20.01	20.00	0.015377	45.866
20.01	20.00	0.015394	45.966
20.01	20.00	0.015410	46.066
20.01	19.99	0.015427	46.166
20.01	19.99	0.015444	46.266
20.01	19.99	0.015460	46.366
20.01	19.99	0.015477	46.467
20.01	19.99	0.015494	46.566
20.01	19.99	0.015510	46.667
20.01	19.99	0.015527	46.767
20.01	19.99	0.015544	46.867
20.01	19.99	0.015560	46.967
20.01	19.99	0.015577	47.067
20.01	19.99	0.015594	47.167
20.01	19.99	0.015610	47.267
20.01	19.99	0.015627	47.367
19.99	20.00	0.015644	47.467
19.99	20.00	0.015660	47.567
19.99	20.00	0.015677	47.667
19.99	20.00	0.015694	47.767
19.99	20.00	0.015710	47.867
19.99	20.00	0.015727	47.967
19.99	20.00	0.015744	48.068
19.99	20.00	0.015760	48.167
19.99	20.01	0.015777	48.267
19.99	20.01	0.015794	48.391
19.99	20.01	0.015810	48.496
19.99	20.01	0.015827	48.590
19.99	20.01	0.015844	48.690
19.99	20.01	0.015860	48.794
19.99	20.01	0.015877	48.889
19.99	20.01	0.015894	48.988
19.99	20.01	0.015910	49.093
19.99	20.01	0.015927	49.188
19.99	20.01	0.015944	49.287
19.99	20.01	0.015960	49.392
19.99	20.01	0.015977	49.486
20.01	20.00	0.015994	49.586
20.01	20.00	0.016010	49.690
20.01	20.00	0.016027	49.785
20.01	20.00	0.016044	49.885
20.01	20.00	0.016060	49.989
20.01	20.00	0.016077	50.084
20.01	20.00	0.016094	50.183
20.01	19.99	0.016110	50.288
20.01	19.99	0.016127	50.382
20.01	19.99	0.016144	50.482
20.01	19.99	0.016160	50.586
20.01	19.99	0.016177	50.681
20.01	19.99	0.016194	50.783
20.01	19.99	0.016210	50.885
20.01	19.99	0.016227	50.980
20.01	19.99	0.016244	51.082
20.01	19.99	0.016260	51.184
20.01	19.99	0.016277	51.278
20.01	19.99	0.016293	51.382
20.01	19.99	0.016310	51.483
20.01	20.00	0.016327	51.577
20.01	20.00	0.016343	51.682
20.01	20.00	0.016360	51.781
19.99	20.00	0.016377	51.876
19.99	20.00	0.016393	51.980
19.99	20.00	0.016410	52.080
19.99	20.00	0.016427	52.174
19.99	20.00	0.016443	52.279
19.99	20.01	0.016460	52.379
19.99	20.01	0.016477	52.473
19.99	20.01	0.016493	52.578
19.99	20.01	0.016510	52.672
19.99	20.01	0.016527	52.772
19.99	20.01	0.016543	52.876
19.99	20.01	0.016560	52.971
19.99	20.01	0.016577	53.071
19.99	20.01	0.016593	53.175
19.99	20.01	0.016610	53.270
19.99	20.01	0.016627	53.370
19.99	20.01	0.016643	53.474
19.99	20.01	0.016660	53.569
19.99	20.00	0.016677	53.668
19.99	20.00	0.016693	53.773
19.99	20.00	0.016710	53.868
20.01	20.00	0.016727	53.967
20.01	20.00	0.016743	54.072
20.01	20.00	0.016760	54.167
20.01	20.00	0.016777	54.267
20.01	19.99	0.016793	54.370
20.01	19.99	0.016810	54.467
20.01	19.99	0.016827	54.567
20.01	19.99	0.016843	54.669
20.01	19.99	0.016860	54.767
20.01	19.99	0.016877	54.867
20.01	19.99	0.016893	54.968
20.01	19.99	0.016910	55.067
20.01	19.99	0.016927	55.167
20.01	19.99	0.016943	55.267
20.01	19.99	0.016960	55.367
20.01	19.99	0.016977	55.467
20.01	19.99	0.016993	55.567
20.01	20.00	0.017010	55.667
20.01	20.00	0.017027	55.767
19.99	20.00	0.017043	55.867
19.99	20.00	0.017060	55.967
19.99	20.00	0.017077	56.066
19.99	20.00	0.017093	56.167
19.99	20.00	0.017110	56.267
19.99	20.00	0.017126	56.368
19.99	20.01	0.017143	56.467
19.99	20.01	0.017160	56.567
19.99	20.01	0.017176	56.667
19.99	20.01	0.017193	56.767
19.99	20.01	0.017210	56.867
19.99	20.01	0.017226	56.967
19.99	20.01	0.017243	57.068
19.99	20.01	0.017260	57.168
19.99	20.01	0.017276	57.268
19.99	20.01	0.017293	57.368
19.99	20.01	0.017310	57.468
19.99	20.01	0.017326	57.568
19.99	20.01	0.017343	57.668
20.01	20.00	0.017360	57.768
20.01	20.00	0.017376	57.868
20.01	20.00	0.017393	57.969
20.01	20.00	0.017410	58.069
20.01	20.00	0.017426	58.169
20.01	20.00	0.017443	58.269
20.01	20.00	0.017460	58.369
20.01	19.99	0.017476	58.469
20.01	19.99	0.017493	58.569
20.01	19.99	0.017510	58.669
20.01	19.99	0.017526	58.769
20.01	19.99	0.017543	58.870
20.01	19.99	0.017560	58.969
20.01	19.99	0.017576	59.069
20.01	19.99	0.017593	59.169
20.01	19.99	0.017610	59.269
20.01	19.99	0.017626	59.369
20.01	19.99	0.017643	59.469
20.01	19.99	0.017660	59.598
20.01	19.99	0.017676	59.693
19.99	20.00	0.017693	59.791
19.99	20.00	0.017710	59.897
19.99	20.00	0.017726	59.991
19.99	20.00	0.017743	00.090
19.99	20.00	0.017760	00.196
19.99	20.00	0.017776	00.289
19.99	20.00	0.017793	00.389
19.99	20.00	0.017810	00.494
19.99	20.01	0.017826	00.589
19.99	20.01	0.017843	00.689
19.99	20.01	0.017860	00.793
19.99	20.01	0.017876	00.887
19.99	20.01	0.017893	00.987
19.99	20.01	0.017910	01.091
19.99	20.01	0.017926	01.186
19.99	20.01	0.017943	01.285
19.99	20.01	0.017959	01.390
19.99	20.01	0.017976	01.485
19.99	20.01	0.017993	01.585
19.99	20.01	0.018009	01.689
19.99	20.01	0.018026	01.783
19.99	20.00	0.018043	01.885
19.99	20.00	0.018059	01.987
20.01	20.00	0.018076	02.082
20.01	20.00	0.018093	02.186
20.01	20.00	0.018109	02.286
20.01	20.00	0.018126	02.381
20.01	20.00	0.018143	02.485
20.01	19.99	0.018159	02.585
20.01	19.99	0.018176	02.679
20.01	19.99	0.018193	02.784
20.01	19.99	0.018209	02.883
20.01	19.99	0.018226	02.978
20.01	19.99	0.018243	03.083
20.01	19.99	0.018259	03.182
20.01	19.99	0.018276	03.277
20.01	19.99	0.018293	03.381
20.01	19.99	0.018309	03.476
20.01	19.99	0.018326	03.575
20.01	19.99	0.018343	03.680
20.01	19.99	0.018359	03.775
20.01	20.00	0.018376	03.874
19.99	20.00	0.018393	03.979
19.99	20.00	0.018409	04.073
19.99	20.00	0.018426	04.173
19.99	20.00	0.018443	04.277
19.99	20.00	0.018459	04.372
19.99	20.00	0.018476	04.471
19.99	20.00	0.018493	04.576
19.99	20.01	0.018509	04.671
19.99	20.01	0.018526	04.770
19.99	20.01	0.018543	04.875
19.99	20.01	0.018559	04.970
19.99	20.01	0.018576	05.070
19.99	20.01	0.018593	05.173
19.99	20.01	0.018609	05.270
19.99	20.01	0.018626	05.370
19.99	20.01	0.018643	05.472
19.99	20.01	0.018659	05.570
19.99	20.01	0.018676	05.670
19.99	20.01	0.018693	05.771
19.99	20.01	0.018709	05.870
19.99	20.00	0.018726	05.970
19.99	20.00	0.018743	06.070
20.01	20.00	0.018759	06.170
20.01	20.00	0.018776	06.271
20.01	20.00	0.018792	06.370
20.01	20.00	0.018809	06.470
20.01	20.00	0.018826	06.570
20.01	19.99	0.018842	06.670
20.01	19.99	0.018859	06.770
20.01	19.99	0.018876	06.870
20.01	19.99	0.018892	06.970
20.01	19.99	0.018909	07.070
20.01	19.99	0.018926	07.171
20.01	19.99	0.018942	07.270
20.01	19.99	0.018959	07.370
20.01	19.99	0.018976	07.470
20.01	19.99	0.018992	07.570
20.01	19.99	0.019009	07.670
20.01	19.99	0.019026	07.770
20.01	19.99	0.019042	07.870
19.99	20.00	0.019059	07.970
19.99	20.00	0.019076	08.070
19.99	20.00	0.019092	08.170
19.99	20.00	0.019109	08.270
19.99	20.00	0.019126	08.370
19.99	20.00	0.019142	08.472
19.99	20.00	0.019159	08.572
19.99	20.00	0.019176	08.672
19.99	20.01	0.019192	08.772
19.99	20.01	0.019209	08.872
19.99	20.01	0.019226	08.972
19.99	20.01	0.019242	09.072
19.99	20.01	0.019259	09.172
19.99	20.01	0.019276	09.272
19.99	20.01	0.019292	09.372
19.99	20.01	0.019309	09.472
19.99	20.01	0.019326	09.572
19.99	20.01	0.019342	09.673
19.99	20.01	0.019359	09.772
19.99	20.01	0.019376	09.872
19.99	20.01	0.019392	09.972
19.99	20.00	0.019409	10.072
20.01	20.00	0.019426	10.172
20.01	20.00	0.019442	10.272
20.01	20.00	0.019459	10.372
20.01	20.00	0.019476	10.496
20.01	20.00	0.019492	10.596
20.01	20.00	0.019509	10.701
20.01	19.99	0.019526	10.795
20.01	19.99	0.019542	10.895
20.01	19.99	0.019559	10.999
20.01	19.99	0.019576	11.094
20.01	19.99	0.019592	11.193
20.01	19.99	0.019609	11.298
20.01	19.99	0.019625	11.392
20.01	19.99	0.019642	11.492
20.01	19.99	0.019659	11.596
20.01	19.99	0.019675	11.691
20.01	19.99	0.019692	11.790
20.01	19.99	0.019709	11.895
20.01	19.99	0.019725	11.989
20.01	20.00	0.019742	12.089
20.01	20.00	0.019759	12.194
19.99	20.00	0.019775	12.288
19.99	20.00	0.019792	12.389
19.99	20.00	0.019809	12.492
19.99	20.00	0.019825	12.587
19.99	20.00	0.019842	12.688
19.99	20.00	0.019859	12.791
19.99	20.01	0.019875	12.885
19.99	20.01	0.019892	12.988
19.99	20.01	0.019909	13.090
19.99	20.01	0.019925	13.184
19.99	20.01	0.019942	13.289
19.99	20.01	0.019959	13.388
19.99	20.01	0.019975	13.483
19.99	20.01	0.019992	13.587
19.99	20.01	0.020009	13.687
19.99	20.01	0.020025	13.782
19.99	20.01	0.020042	13.886
19.99	20.01	0.020059	13.986
19.99	20.01	0.020075	14.080
19.99	20.00	0.020092	14.185
20.01	20.00	0.020109	14.284
20.01	20.00	0.020125	14.379
20.01	20.00	0.020142	14.483
20.01	20.00	0.020159	14.578
20.01	20.00	0.020175	14.678
20.01	20.00	0.020192	14.782
20.01	19.99	0.020209	14.877
20.01	19.99	0.020225	14.976
20.01	19.99	0.020242	15.081
20.01	19.99	0.020259	15.175
20.01	19.99	0.020275	15.275
20.01	19.99	0.020292	15.379
20.01	19.99	0.020309	15.474
20.01	19.99	0.020325	15.574
20.01	19.99	0.020342	15.678
20.01	19.99	0.020359	15.774
20.01	19.99	0.020375	15.874
20.01	19.99	0.020392	15.977
19.99	19.99	0.020409	16.074
19.99	20.00	0.020425	16.174
19.99	20.00	0.020442	16.276
19.99	20.00	0.020458	16.374
19.99	20.00	0.020475	16.474
19.99	20.00	0.020492	16.574
19.99	20.00	0.020508	16.674
19.99	20.00	0.020525	16.774
19.99	20.00	0.020542	16.874
19.99	20.01	0.020558	16.975
19.99	20.01	0.020575	17.074
19.99	20.01	0.020592	17.174
19.99	20.01	0.020608	17.274
19.99	20.01	0.020625	17.374
19.99	20.01	0.020642	17.474
19.99	20.01	0.020658	17.574
19.99	20.01	0.020675	17.674
19.99	20.01	0.020692	17.774
19.99	20.01	0.020708	17.874
19.99	20.01	0.020725	17.974
19.99	20.01	0.020742	18.074
19.99	20.01	0.020758	18.174
19.99	20.00	0.020775	18.274
20.01	20.00	0.020792	18.374
20.01	20.00	0.020808	18.474
20.01	20.00	0.020825	18.575
20.01	20.00	0.020842	18.674
20.01	20.00	0.020858	18.774
20.01	20.00	0.020875	18.874
20.01	19.99	0.020892	18.974
20.01	19.99	0.020908	19.074
20.01	19.99	0.020925	19.174
20.01	19.99	0.020942	19.274
20.01	19.99	0.020958	19.374
20.01	19.99	0.020975	19.474
20.01	19.99	0.020992	19.574
20.01	19.99	0.021008	19.674
20.01	19.99	0.021025	19.774
20.01	19.99	0.021042	19.874
20.01	19.99	0.021058	19.974
20.01	19.99	0.021075	20.074
20.01	19.99	0.021092	20.175
20.01	20.00	0.021108	20.274
20.01	20.00	0.021125	20.374
19.99	20.00	0.021142	20.474
19.99	20.00	0.021158	20.574
19.99	20.00	0.021175	20.674
19.99	20.00	0.021192	20.774
19.99	20.00	0.021208	20.874
19.99	20.00	0.021225	20.974
19.99	20.01	0.021242	21.075
19.99	20.01	0.021258	21.174
19.99	20.01	0.021275	21.274
19.99	20.01	0.021291	21.373
19.99	20.01	0.021308	21.474
19.99	20.01	0.021325	21.598
19.99	20.01	0.021341	21.698
19.99	20.01	0.021358	21.802
19.99	20.01	0.021375	21.897
19.99	20.01	0.021391	21.997
19.99	20.01	0.021408	22.101
19.99	20.01	0.021425	22.196
20.01	20.01	0.021441	22.295
20.01	20.00	0.021458	22.399
20.01	20.00	0.021475	22.494
20.01	20.00	0.021491	22.593
20.01	20.00	0.021508	22.698
20.01	20.00	0.021525	22.793
20.01	20.00	0.021541	22.892
20.01	20.00	0.021558	22.997
20.01	19.99	0.021575	23.091
20.01	19.99	0.021591	23.192
20.01	19.99	0.021608	23.295
20.01	19.99	0.021625	23.390
20.01	19.99	0.021641	23.492
20.01	19.99	0.021658	23.595
20.01	19.99	0.021675	23.690
20.01	19.99	0.021691	23.792
20.01	19.99	0.021708	23.894
20.01	19.99	0.021725	23.987
20.01	19.99	0.021741	24.092
20.01	19.99	0.021758	24.191
20.01	19.99	0.021775	24.286
20.01	20.00	0.021791	24.392
20.01	20.00	0.021808	24.491
19.99	20.00	0.021825	24.585
19.99	20.00	0.021841	24.690
19.99	20.00	0.021858	24.790
19.99	20.00	0.021875	24.883
19.99	20.00	0.021891	24.989
19.99	20.00	0.021908	25.088
19.99	20.01	0.021925	25.182
19.99	20.01	0.021941	25.288
19.99	20.01	0.021958	25.381
19.99	20.01	0.021975	25.481
19.99	20.01	0.021991	25.585
19.99	20.01	0.022008	25.680
19.99	20.01	0.022025	25.779
19.99	20.01	0.022041	25.884
19.99	20.01	0.022058	25.980
19.99	20.01	0.022075	26.078
19.99	20.01	0.022091	26.183
19.99	20.01	0.022108	26.277
19.99	20.01	0.022124	26.377
19.99	20.00	0.022141	26.481
19.99	20.00	0.022158	26.576
19.99	20.00	0.022174	26.677
19.99	20.00	0.022191	26.781
20.01	20.00	0.022208	26.876
20.01	20.00	0.022224	26.975
20.01	20.00	0.022241	27.080
20.01	19.99	0.022258	27.175
20.01	19.99	0.022274	27.275
20.01	19.99	0.022291	27.378
20.01	19.99	0.022308	27.475
20.01	19.99	0.022324	27.575
20.01	19.99	0.022341	27.677
20.01	19.99	0.022358	27.775
20.01	19.99	0.022374	27.875
20.01	19.99	0.022391	27.976
20.01	19.99	0.022408	28.075
20.01	19.99	0.022424	28.175
20.01	19.99	0.022441	28.275
19.99	19.99	0.022458	28.375
19.99	20.00	0.022474	28.475
19.99	20.00	0.022491	28.575
19.99	20.00	0.022508	28.675
19.99	20.00	0.022524	28.775
19.99	20.00	0.022541	28.875
19.99	20.00	0.022558	28.975
19.99	20.00	0.022574	29.075
19.99	20.00	0.022591	29.175
19.99	20.01	0.022608	29.275
19.99	20.01	0.022624	29.375
19.99	20.01	0.022641	29.475
19.99	20.01	0.022658	29.575
19.99	20.01	0.022674	29.675
19.99	20.01	0.022691	29.776
19.99	20.01	0.022708	29.875
19.99	20.01	0.022724	29.975
19.99	20.01	0.022741	30.075
19.99	20.01	0.022758	30.175
19.99	20.01	0.022774	30.275
20.01	20.01	0.022791	30.375
20.01	20.01	0.022808	30.475
20.01	20.00	0.022824	30.575
20.01	20.00	0.022841	30.675
20.01	20.00	0.022858	30.775
20.01	20.00	0.022874	30.875
20.01	20.00	0.022891	30.975
20.01	20.00	0.022908	31.075
20.01	20.00	0.022924	31.175
20.01	19.99	0.022941	31.276
20.01	19.99	0.022957	31.375
20.01	19.99	0.022974	31.475
20.01	19.99	0.022991	31.575
20.01	19.99	0.023007	31.675
20.01	19.99	0.023024	31.775
20.01	19.99	0.023041	31.875
20.01	19.99	0.023057	31.975
20.01	19.99	0.023074	32.075
20.01	19.99	0.023091	32.175
20.01	19.99	0.023107	32.275
20.01	19.99	0.023124	32.375
20.01	19.99	0.023141	32.475
20.01	20.00	0.023157	32.575
20.01	20.00	0.023174	32.675
20.01	20.00	0.023191	32.776
19.99	20.00	0.023207	32.875
19.99	20.00	0.023224	32.975
19.99	20.00	0.023241	33.098
19.99	20.00	0.023257	33.204
19.99	20.00	0.023274	33.297
19.99	20.01	0.023291	33.397
19.99	20.01	0.023307	33.502
19.99	20.01	0.023324	33.596
19.99	20.01	0.023341	33.696
19.99	20.01	0.023357	33.801
19.99	20.01	0.023374	33.896
19.99	20.01	0.023391	33.994
19.99	20.01	0.023407	34.099
19.99	20.01	0.023424	34.193
19.99	20.01	0.023441	34.295
19.99	20.01	0.023457	34.397
19.99	20.01	0.023474	34.492
19.99	20.01	0.023491	34.595
19.99	20.00	0.023507	34.697
20.01	20.00	0.023524	34.792
20.01	20.00	0.023541	34.895
20.01	20.00	0.023557	34.996
20.01	20.00	0.023574	35.090
20.01	20.00	0.023591	35.195
20.01	20.00	0.023607	35.294
20.01	19.99	0.023624	35.389
20.01	19.99	0.023641	35.493
20.01	19.99	0.023657	35.593
20.01	19.99	0.023674	35.687
20.01	19.99	0.023691	35.792
20.01	19.99	0.023707	35.891
20.01	19.99	0.023724	35.986
20.01	19.99	0.023741	36.091
20.01	19.99	0.023757	36.185
20.01	19.99	0.023774	36.285
20.01	19.99	0.023790	36.389
20.01	19.99	0.023807	36.484
19.99	19.99	0.023824	36.584
19.99	20.00	0.023840	36.688
19.99	20.00	0.023857	36.783
19.99	20.00	0.023874	36.883
19.99	20.00	0.023890	36.987
19.99	20.00	0.023907	37.082
19.99	20.00	0.023924	37.181
19.99	20.00	0.023940	37.286
19.99	20.00	0.023957	37.380
19.99	20.01	0.023974	37.480
19.99	20.01	0.023990	37.585
19.99	20.01	0.024007	37.679
19.99	20.01	0.024024	37.779
19.99	20.01	0.024040	37.883
19.99	20.01	0.024057	37.978
19.99	20.01	0.024074	38.077
19.99	20.01	0.024090	38.182
19.99	20.01	0.024107	38.277
19.99	20.01	0.024124	38.376
19.99	20.01	0.024140	38.481
19.99	20.01	0.024157	38.576
19.99	20.01	0.024174	38.676
19.99	20.00	0.024190	38.779
19.99	20.00	0.024207	38.878
19.99	20.00	0.024224	38.978
19.99	20.00	0.024240	39.078
20.01	20.00	0.024257	39.179
20.01	20.00	0.024274	39.278
20.01	20.00	0.024290	39.378
20.01	19.99	0.024307	39.478
20.01	19.99	0.024324	39.578
20.01	19.99	0.024340	39.678
20.01	19.99	0.024357	39.778
20.01	19.99	0.024374	39.878
20.01	19.99	0.024390	39.978
20.01	19.99	0.024407	40.079
20.01	19.99	0.024424	40.178
20.01	19.99	0.024440	40.278
20.01	19.99	0.024457	40.378
20.01	19.99	0.024474	40.478
20.01	19.99	0.024490	40.578
20.01	19.99	0.024507	40.678
20.01	20.00	0.024524	40.778
20.01	20.00	0.024540	40.878
19.99	20.00	0.024557	40.978
19.99	20.00	0.024574	41.078
19.99	20.00	0.024590	41.178
19.99	20.00	0.024607	41.278
19.99	20.00	0.024623	41.378
19.99	20.00	0.024640	41.478
19.99	20.01	0.024657	41.579
19.99	20.01	0.024673	41.678
19.99	20.01	0.024690	41.778
19.99	20.01	0.024707	41.878
19.99	20.01	0.024723	41.978
19.99	20.01	0.024740	42.078
19.99	20.01	0.024757	42.178
19.99	20.01	0.024773	42.279
20.01	20.01	0.024790	42.379
20.01	20.01	0.024807	42.479
20.01	20.01	0.024823	42.579
20.01	20.01	0.024840	42.679
20.01	20.01	0.024857	42.779
20.01	20.00	0.024873	42.879
20.01	20.00	0.024890	42.979
20.01	20.00	0.024907	43.079
20.01	20.00	0.024923	43.180
20.01	20.00	0.024940	43.279
20.01	20.00	0.024957	43.379
20.01	20.00	0.024973	43.479
20.01	19.99	0.024990	43.579
20.01	19.99	0.025007	43.708
20.01	19.99	0.025023	43.803
20.01	19.99	0.025040	43.902
20.01	19.99	0.025057	44.007
20.01	19.99	0.025073	44.101
20.01	19.99	0.025090	44.201
20.01	19.99	0.025107	44.306
20.01	19.99	0.025123	44.400
20.01	19.99	0.025140	44.500
20.01	19.99	0.025157	44.604
20.01	19.99	0.025173	44.699
20.01	19.99	0.025190	44.798
19.99	20.00	0.025207	44.903
19.99	20.00	0.025223	44.997
19.99	20.00	0.025240	45.098
19.99	20.00	0.025257	45.202
19.99	20.00	0.025273	45.296
19.99	20.00	0.025290	45.398
19.99	20.00	0.025307	45.500
19.99	20.00	0.025323	45.595
19.99	20.01	0.025340	45.698
19.99	20.01	0.025357	45.799
19.99	20.01	0.025373	45.894
19.99	20.01	0.025390	45.998
19.99	20.01	0.025407	46.098
19.99	20.01	0.025423	46.192
19.99	20.01	0.025440	46.297
19.99	20.01	0.025456	46.396
19.99	20.01	0.025473	46.491
19.99	20.01	0.025490	46.595
19.99	20.01	0.025506	46.695
19.99	20.01	0.025523	46.789
19.99	20.01	0.025540	46.894
19.99	20.00	0.025556	46.988
19.99	20.00	0.025573	47.089
19.99	20.00	0.025590	47.192
19.99	20.00	0.025606	47.287
19.99	20.00	0.025623	47.388
19.99	20.00	0.025640	47.492
20.01	20.00	0.025656	47.587
20.01	19.99	0.025673	47.686
20.01	19.99	0.025690	47.791
20.01	19.99	0.025706	47.885
20.01	19.99	0.025723	47.985
20.01	19.99	0.025740	48.089
20.01	19.99	0.025756	48.184
20.01	19.99	0.025773	48.284
20.01	19.99	0.025790	48.388
20.01	19.99	0.025806	48.483
20.01	19.99	0.025823	48.582
20.01	19.99	0.025840	48.687
20.01	19.99	0.025856	48.781
20.01	19.99	0.025873	48.881
19.99	20.00	0.025890	48.985
19.99	20.00	0.025906	49.080
19.99	20.00	0.025923	49.180
19.99	20.00	0.025940	49.284
19.99	20.00	0.025956	49.380
19.99	20.00	0.025973	49.480
19.99	20.00	0.025990	49.583
19.99	20.00	0.026006	49.680
19.99	20.01	0.026023	49.780
19.99	20.01	0.026040	49.882
19.99	20.01	0.026056	49.980
19.99	20.01	0.026073	50.080
19.99	20.01	0.026090	50.180
19.99	20.01	0.026106	50.280
19.99	20.01	0.026123	50.380
19.99	20.01	0.026140	50.479
19.99	20.01	0.026156	50.579
19.99	20.01	0.026173	50.680
19.99	20.01	0.026190	50.781
19.99	20.01	0.026206	50.880
19.99	20.01	0.026223	50.980
20.01	20.00	0.026240	51.080
20.01	20.00	0.026256	51.180
20.01	20.00	0.026273	51.280
20.01	20.00	0.026289	51.380
20.01	20.00	0.026306	51.481
20.01	20.00	0.026323	51.580
20.01	20.00	0.026339	51.680
20.01	19.99	0.026356	51.780
20.01	19.99	0.026373	51.880
20.01	19.99	0.026389	51.980
20.01	19.99	0.026406	52.080
20.01	19.99	0.026423	52.180
20.01	19.99	0.026439	52.280
20.01	19.99	0.026456	52.380
20.01	19.99	0.026473	52.480
20.01	19.99	0.026489	52.580
20.01	19.99	0.026506	52.680
20.01	19.99	0.026523	52.780
20.01	19.99	0.026539	52.880
20.01	19.99	0.026556	52.980
20.01	20.00	0.026573	53.080
20.01	20.00	0.026589	53.180
19.99	20.00	0.026606	53.280
19.99	20.00	0.026623	53.380
19.99	20.00	0.026639	53.480
19.99	20.00	0.026656	53.580
19.99	20.00	0.026673	53.680
19.99	20.00	0.026689	53.780
19.99	20.01	0.026706	53.881
19.99	20.01	0.026723	53.979
19.99	20.01	0.026739	54.080
19.99	20.01	0.026756	54.180
19.99	20.01	0.026773	54.280
19.99	20.01	0.026789	54.380
19.99	20.01	0.026806	54.480
19.99	20.01	0.026823	54.580
19.99	20.01	0.026839	54.680
19.99	20.01	0.026856	54.780
19.99	20.01	0.026873	54.880
20.01	20.01	0.026889	54.980
20.01	20.01	0.026906	55.109
20.01	20.00	0.026923	55.204
20.01	20.00	0.026939	55.303
20.01	20.00	0.026956	55.408
20.01	20.00	0.026973	55.502
20.01	20.00	0.026989	55.602
20.01	20.00	0.027006	55.707
20.01	20.00	0.027023	55.801
20.01	19.99	0.027039	55.902
20.01	19.99	0.027056	56.005
20.01	19.99	0.027073	56.100
20.01	19.99	0.027089	56.201
20.01	19.99	0.027106	56.304
20.01	19.99	0.027122	56.398
20.01	19.99	0.027139	56.502
20.01	19.99	0.027156	56.602
20.01	19.99	0.027172	56.697
20.01	19.99	0.027189	56.801
20.01	19.99	0.027206	56.901
20.01	19.99	0.027222	56.995
19.99	19.99	0.027239	57.100
19.99	20.00	0.027256	57.200
19.99	20.00	0.027272	57.294
19.99	20.00	0.027289	57.399
19.99	20.00	0.027306	57.498
19.99	20.00	0.027322	57.593
19.99	20.00	0.027339	57.697
19.99	20.00	0.027356	57.797
19.99	20.00	0.027372	57.892
19.99	20.01	0.027389	57.996
19.99	20.01	0.027406	58.091
19.99	20.01	0.027422	58.190
19.99	20.01	0.027439	58.295
19.99	20.01	0.027456	58.389
19.99	20.01	0.027472	58.489
19.99	20.01	0.027489	58.593
19.99	20.01	0.027506	58.688
19.99	20.01	0.027522	58.788
19.99	20.01	0.027539	58.892
19.99	20.01	0.027556	58.987
19.99	20.01	0.027572	59.086
20.01	20.01	0.027589	59.191
20.01	20.00	0.027606	59.286
20.01	20.00	0.027622	59.386
20.01	20.00	0.027639	59.490
20.01	20.00	0.027656	59.585
20.01	20.00	0.027672	59.685
20.01	20.00	0.027689	59.789
20.01	20.00	0.027706	59.884
20.01	19.99	0.027722	59.983
20.01	19.99	0.027739	00.088
20.01	19.99	0.027756	00.182
20.01	19.99	0.027772	00.282
20.01	19.99	0.027789	00.387
20.01	19.99	0.027806	00.481
20.01	19.99	0.027822	00.583
20.01	19.99	0.027839	00.685
20.01	19.99	0.027856	00.780
20.01	19.99	0.027872	00.882
20.01	19.99	0.027889	00.984
20.01	19.99	0.027906	01.081
20.01	19.99	0.027922	01.183
20.01	20.00	0.027939	01.283
19.99	20.00	0.027955	01.380
19.99	20.00	0.027972	01.481
19.99	20.00	0.027989	01.580
19.99	20.00	0.028005	01.680
19.99	20.00	0.028022	01.780
19.99	20.00	0.028039	01.880
19.99	20.00	0.028055	01.980
19.99	20.01	0.028072	02.080
19.99	20.01	0.028089	02.180
19.99	20.01	0.028105	02.280
19.99	20.01	0.028122	02.380
19.99	20.01	0.028139	02.480
19.99	20.01	0.028155	02.580
19.99	20.01	0.028172	02.681
19.99	20.01	0.028189	02.780
19.99	20.01	0.028205	02.880
19.99	20.01	0.028222	02.980
19.99	20.01	0.028239	03.080
19.99	20.01	0.028255	03.180
19.99	20.01	0.028272	03.280
20.01	20.00	0.028289	03.380
20.01	20.00	0.028305	03.480
20.01	20.00	0.028322	03.581
20.01	20.00	0.028339	03.680
20.01	20.00	0.028355	03.780
20.01	20.00	0.028372	03.880
20.01	20.00	0.028389	03.980
20.01	19.99	0.028405	04.080
20.01	19.99	0.028422	04.180
20.01	19.99	0.028439	04.280
20.01	19.99	0.028455	04.380
20.01	19.99	0.028472	04.481
20.01	19.99	0.028489	04.580
20.01	19.99	0.028505	04.680
20.01	19.99	0.028522	04.780
20.01	19.99	0.028539	04.880
20.01	19.99	0.028555	04.980
20.01	19.99	0.028572	05.080
20.01	19.99	0.028589	05.180
20.01	19.99	0.028605	05.280
20.01	20.00	0.028622	05.380
19.99	20.00	0.028639	05.480
19.99	20.00	0.028655	05.580
19.99	20.00	0.028672	05.680
19.99	20.00	0.028689	05.780
19.99	20.00	0.028705	05.880
19.99	20.00	0.028722	05.980
19.99	20.00	0.028739	06.081
19.99	20.01	0.028755	06.180
19.99	20.01	0.028772	06.280
19.99	20.01	0.028788	06.380
19.99	20.01	0.028805	06.480
19.99	20.01	0.028822	06.604
19.99	20.01	0.028838	06.680
19.99	20.01	0.028855	06.808
19.99	20.01	0.028872	06.903
19.99	20.01	0.028888	06.980
19.99	20.01	0.028905	07.107
19.99	20.01	0.028922	07.202
19.99	20.01	0.028938	07.280
19.99	20.01	0.028955	07.406
19.99	20.00	0.028972	07.500
20.01	20.00	0.028988	07.580
20.01	20.00	0.029005	07.704
20.01	20.00	0.029022	07.799
20.01	20.00	0.029038	07.904
20.01	20.00	0.029055	08.003
20.01	20.00	0.029072	08.098
20.01	19.99	0.029088	08.202
20.01	19.99	0.029105	08.302
20.01	19.99	0.029122	08.396
20.01	19.99	0.029138	08.501
20.01	19.99	0.029155	08.600
20.01	19.99	0.029172	08.695
20.01	19.99	0.029188	08.801
20.01	19.99	0.029205	08.894
20.01	19.99	0.029222	08.994
20.01	19.99	0.029238	09.098
20.01	19.99	0.029255	09.193
20.01	19.99	0.029272	09.292
20.01	19.99	0.029288	09.397
20.01	20.00	0.029305	09.492
19.99	20.00	0.029322	09.591
19.99	20.00	0.029338	09.696
19.99	20.00	0.029355	09.790
19.99	20.00	0.029372	09.890
19.99	20.00	0.029388	09.994
19.99	20.00	0.029405	10.089
19.99	20.00	0.029422	10.189
19.99	20.01	0.029438	10.293
19.99	20.01	0.029455	10.388
19.99	20.01	0.029472	10.488
19.99	20.01	0.029488	10.592
19.99	20.01	0.029505	10.687
19.99	20.01	0.029522	10.786
19.99	20.01	0.029538	10.891
19.99	20.01	0.029555	10.985
19.99	20.01	0.029572	11.085
19.99	20.01	0.029588	11.189
19.99	20.01	0.029605	11.284
19.99	20.01	0.029621	11.385
19.99	20.01	0.029638	11.488
20.01	20.00	0.029655	11.583
20.01	20.00	0.029671	11.685
20.01	20.00	0.029688	11.787
20.01	20.00	0.029705	11.882
20.01	20.00	0.029721	11.986
20.01	20.00	0.029738	12.086
20.01	20.00	0.029755	12.180
20.01	19.99	0.029771	12.285
20.01	19.99	0.029788	12.384
20.01	19.99	0.029805	12.480
20.01	19.99	0.029821	12.583
20.01	19.99	0.029838	12.683
20.01	19.99	0.029855	12.782
20.01	19.99	0.029871	12.882
20.01	19.99	0.029888	12.982
20.01	19.99	0.029905	13.081
20.01	19.99	0.029921	13.181
20.01	19.99	0.029938	13.282
20.01	19.99	0.029955	13.381
19.99	19.99	0.029971	13.481
19.99	20.00	0.029988	13.582
19.99	20.00	0.030005	13.681
19.99	20.00	0.030021	13.781
19.99	20.00	0.030038	13.883
19.99	20.00	0.030055	13.983
19.99	20.00	0.030071	14.083
19.99	20.00	0.030088	14.183
19.99	20.00	0.030105	14.283
19.99	20.01	0.030121	14.383
19.99	20.01	0.030138	14.484
19.99	20.01	0.030155	14.583
19.99	20.01	0.030171	14.683
19.99	20.01	0.030188	14.783
19.99	20.01	0.030205	14.883
19.99	20.01	0.030221	14.983
19.99	20.01	0.030238	15.083
19.99	20.01	0.030255	15.183
19.99	20.01	0.030271	15.283
19.99	20.01	0.030288	15.383
19.99	20.01	0.030305	15.483
19.99	20.01	0.030321	15.583
19.99	20.00	0.030338	15.683
19.99	20.00	0.030355	15.783
19.99	20.00	0.030371	15.883
20.01	20.00	0.030388	15.983
20.01	20.00	0.030405	16.084
20.01	20.00	0.030421	16.183
20.01	20.00	0.030438	16.283
20.01	19.99	0.030454	16.383
20.01	19.99	0.030471	16.483
20.01	19.99	0.030488	16.583
20.01	19.99	0.030504	16.683
20.01	19.99	0.030521	16.783
20.01	19.99	0.030538	16.883
20.01	19.99	0.030554	16.983
20.01	19.99	0.030571	17.083
20.01	19.99	0.030588	17.183
20.01	19.99	0.030604	17.283
20.01	19.99	0.030621	17.383
20.01	19.99	0.030638	17.483
20.01	19.99	0.030654	17.582
19.99	20.00	0.030671	17.706
19.99	20.00	0.030688	17.783
19.99	20.00	0.030704	17.911
19.99	20.00	0.030721	18.005
19.99	20.00	0.030738	18.083
19.99	20.00	0.030754	18.209
19.99	20.00	0.030771	18.304
19.99	20.00	0.030788	18.383
19.99	20.01	0.030804	18.508
19.99	20.01	0.030821	18.602
19.99	20.01	0.030838	18.707
19.99	20.01	0.030854	18.807
19.99	20.01	0.030871	18.901
19.99	20.01	0.030888	19.006
19.99	20.01	0.030904	19.105
19.99	20.01	0.030921	19.200
19.99	20.01	0.030938	19.304
19.99	20.01	0.030954	19.404
19.99	20.01	0.030971	19.499
19.99	20.01	0.030988	19.603
20.01	20.01	0.031004	19.698
20.01	20.00	0.031021	19.798
20.01	20.00	0.031038	19.902
20.01	20.00	0.031054	19.996
20.01	20.00	0.031071	20.096
20.01	20.00	0.031088	20.200
20.01	20.00	0.031104	20.295
20.01	20.00	0.031121	20.396
20.01	19.99	0.031138	20.500
20.01	19.99	0.031154	20.595
20.01	19.99	0.031171	20.694
20.01	19.99	0.031188	20.799
20.01	19.99	0.031204	20.893
20.01	19.99	0.031221	20.993
20.01	19.99	0.031238	21.097
20.01	19.99	0.031254	21.192
20.01	19.99	0.031271	21.292
20.01	19.99	0.031287	21.396
20.01	19.99	0.031304	21.490
20.01	19.99	0.031321	21.589
20.01	19.99	0.031337	21.695
20.01	20.00	0.031354	21.788
19.99	20.00	0.031371	21.889
19.99	20.00	0.031387	21.994
19.99	20.00	0.031404	22.087
19.99	20.00	0.031421	22.189
19.99	20.00	0.031437	22.292
19.99	20.00	0.031454	22.386
19.99	20.00	0.031471	22.488
19.99	20.01	0.031487	22.591
19.99	20.01	0.031504	22.685
19.99	20.01	0.031521	22.789
19.99	20.01	0.031537	22.890
19.99	20.01	0.031554	22.983
19.99	20.01	0.031571	23.089
19.99	20.01	0.031587	23.187
19.99	20.01	0.031604	23.283
19.99	20.01	0.031621	23.387
19.99	20.01	0.031637	23.487
19.99	20.01	0.031654	23.584
19.99	20.01	0.031671	23.686
19.99	20.01	0.031687	23.786
20.01	20.00	0.031704	23.883
20.01	20.00	0.031721	23.984
20.01	20.00	0.031737	24.085
20.01	20.00	0.031754	24.183
20.01	20.00	0.031771	24.283
20.01	20.00	0.031787	24.385
20.01	20.00	0.031804	24.483
20.01	19.99	0.031821	24.584
20.01	19.99	0.031837	24.685
20.01	19.99	0.031854	24.784
20.01	19.99	0.031871	24.884
20.01	19.99	0.031887	24.985
20.01	19.99	0.031904	25.084
20.01	19.99	0.031921	25.184
20.01	19.99	0.031937	25.286
20.01	19.99	0.031954	25.384
20.01	19.99	0.031971	25.484
20.01	19.99	0.031987	25.585
20.01	19.99	0.032004	25.684
20.01	19.99	0.032021	25.784
20.01	20.00	0.032037	25.885
20.01	20.00	0.032054	25.985
19.99	20.00	0.032071	26.084
19.99	20.00	0.032087	26.186
19.99	20.00	0.032104	26.284
19.99	20.00	0.032120	26.384
19.99	20.00	0.032137	26.485
19.99	20.00	0.032154	26.584
19.99	20.01	0.032170	26.685
19.99	20.01	0.032187	26.786
19.99	20.01	0.032204	26.884
19.99	20.01	0.032220	26.984
19.99	20.01	0.032237	27.086
19.99	20.01	0.032254	27.184
19.99	20.01	0.032270	27.284
19.99	20.01	0.032287	27.385
19.99	20.01	0.032304	27.484
19.99	20.01	0.032320	27.585
19.99	20.01	0.032337	27.686
19.99	20.01	0.032354	27.784
19.99	20.01	0.032370	27.884
19.99	20.00	0.032387	27.986
19.99	20.00	0.032404	28.084
19.99	20.00	0.032420	28.184
20.01	20.00	0.032437	28.286
20.01	20.00	0.032454	28.384
20.01	20.00	0.032470	28.485
20.01	20.00	0.032487	28.586
20.01	19.99	0.032504	28.685
20.01	19.99	0.032520	28.809
20.01	19.99	0.032537	28.886
20.01	19.99	0.032554	29.013
20.01	19.99	0.032570	29.108
20.01	19.99	0.032587	29.186
20.01	19.99	0.032604	29.312
20.01	19.99	0.032620	29.407
20.01	19.99	0.032637	29.511
20.01	19.99	0.032654	29.611
19.99	19.99	0.032670	29.705
19.99	19.99	0.032687	29.809
19.99	19.99	0.032704	29.909
19.99	20.00	0.032720	30.003
19.99	20.00	0.032737	30.108
19.99	20.00	0.032754	30.208
19.99	20.00	0.032770	30.302
19.99	20.00	0.032787	30.407
19.99	20.00	0.032804	30.501
19.99	20.00	0.032820	30.601
19.99	20.00	0.032837	30.705
19.99	20.01	0.032854	30.800
19.99	20.01	0.032870	30.899
19.99	20.01	0.032887	31.004
19.99	20.01	0.032904	31.099
19.99	20.01	0.032920	31.198
19.99	20.01	0.032937	31.303
19.99	20.01	0.032953	31.397
19.99	20.01	0.032970	31.497
19.99	20.01	0.032987	31.602
19.99	20.01	0.033003	31.696
19.99	20.01	0.033020	31.796
20.01	20.01	0.033037	31.901
20.01	20.01	0.033053	31.995
20.01	20.00	0.033070	32.095
20.01	20.00	0.033087	32.199
20.01	20.00	0.033103	32.294
20.01	20.00	0.033120	32.393
20.01	20.00	0.033137	32.498
20.01	20.00	0.033153	32.593
20.01	20.00	0.033170	32.692
20.01	19.99	0.033187	32.797
20.01	19.99	0.033203	32.891
20.01	19.99	0.033220	32.992
20.01	19.99	0.033237	33.095
20.01	19.99	0.033253	33.190
20.01	19.99	0.033270	33.292
20.01	19.99	0.033287	33.394
20.01	19.99	0.033303	33.489
20.01	19.99	0.033320	33.592
20.01	19.99	0.033337	33.693
20.01	19.99	0.033353	33.787
20.01	19.99	0.033370	33.892
20.01	19.99	0.033387	33.991
19.99	20.00	0.033403	34.086
19.99	20.00	0.033420	34.190
19.99	20.00	0.033437	34.290
19.99	20.00	0.033453	34.386
19.99	20.00	0.033470	34.489
19.99	20.00	0.033487	34.589
19.99	20.00	0.033503	34.686
19.99	20.00	0.033520	34.788
19.99	20.01	0.033537	34.888
19.99	20.01	0.033553	34.986
19.99	20.01	0.033570	35.087
19.99	20.01	0.033587	35.188
19.99	20.01	0.033603	35.286
19.99	20.01	0.033620	35.386
19.99	20.01	0.033637	35.488
19.99	20.01	0.033653	35.586
19.99	20.01	0.033670	35.686
19.99	20.01	0.033687	35.788
19.99	20.01	0.033703	35.886
19.99	20.01	0.033720	35.986
19.99	20.01	0.033737	36.088
19.99	20.00	0.033753	36.186
20.01	20.00	0.033770	36.286
20.01	20.00	0.033786	36.389
20.01	20.00	0.033803	36.486
20.01	20.00	0.033820	36.586
20.01	20.00	0.033836	36.689
20.01	20.00	0.033853	36.786
20.01	19.99	0.033870	36.886
20.01	19.99	0.033886	36.988
20.01	19.99	0.033903	37.086
20.01	19.99	0.033920	37.186
20.01	19.99	0.033936	37.289
20.01	19.99	0.033953	37.386
20.01	19.99	0.033970	37.486
20.01	19.99	0.033986	37.589
20.01	19.99	0.034003	37.686
20.01	19.99	0.034020	37.786
20.01	19.99	0.034036	37.889
20.01	19.99	0.034053	37.986
20.01	19.99	0.034070	38.087
20.01	20.00	0.034086	38.189
20.01	20.00	0.034103	38.286
19.99	20.00	0.034120	38.386
19.99	20.00	0.034136	38.489
19.99	20.00	0.034153	38.586
19.99	20.00	0.034170	38.686
19.99	20.00	0.034186	38.789
19.99	20.00	0.034203	38.886
19.99	20.01	0.034220	38.987
19.99	20.01	0.034236	39.089
19.99	20.01	0.034253	39.186
19.99	20.01	0.034270	39.286
19.99	20.01	0.034286	39.390
19.99	20.01	0.034303	39.486
19.99	20.01	0.034320	39.586
19.99	20.01	0.034336	39.689
19.99	20.01	0.034353	39.786
19.99	20.01	0.034370	39.886
19.99	20.01	0.034386	39.989
20.01	20.01	0.034403	40.086
20.01	20.01	0.034420	40.210
20.01	20.00	0.034436	40.290
20.01	20.00	0.034453	40.414
20.01	20.00	0.034470	40.509
20.01	20.00	0.034486	40.613
20.01	20.00	0.034503	40.713
20.01	20.00	0.034520	40.808
20.01	20.00	0.034536	40.912
20.01	19.99	0.034553	41.012
20.01	19.99	0.034570	41.106
20.01	19.99	0.034586	41.211
20.01	19.99	0.034603	41.310
20.01	19.99	0.034619	41.405
20.01	19.99	0.034636	41.509
20.01	19.99	0.034653	41.604
20.01	19.99	0.034669	41.704
20.01	19.99	0.034686	41.808
20.01	19.99	0.034703	41.903
20.01	19.99	0.034719	42.002
20.01	19.99	0.034736	42.107
20.01	19.99	0.034753	42.201
20.01	20.00	0.034769	42.301
19.99	20.00	0.034786	42.406
19.99	20.00	0.034803	42.500
19.99	20.00	0.034819	42.600
19.99	20.00	0.034836	42.704
19.99	20.00	0.034853	42.799
19.99	20.00	0.034869	42.898
19.99	20.00	0.034886	43.003
19.99	20.01	0.034903	43.098
19.99	20.01	0.034919	43.197
19.99	20.01	0.034936	43.302
19.99	20.01	0.034953	43.396
19.99	20.01	0.034969	43.496
19.99	20.01	0.034986	43.600
19.99	20.01	0.035003	43.695
19.99	20.01	0.035019	43.795
19.99	20.01	0.035036	43.899
19.99	20.01	0.035053	43.994
19.99	20.01	0.035069	44.095
19.99	20.01	0.035086	44.197
19.99	20.01	0.035103	44.292
19.99	20.00	0.035119	44.395
19.99	20.00	0.035136	44.496
20.01	20.00	0.035153	44.591
20.01	20.00	0.035169	44.695
20.01	20.00	0.035186	44.795
20.01	20.00	0.035203	44.889
20.01	20.00	0.035219	44.995
20.01	19.99	0.035236	45.094
20.01	19.99	0.035253	45.188
20.01	19.99	0.035269	45.293
20.01	19.99	0.035286	45.393
20.01	19.99	0.035303	45.488
20.01	19.99	0.035319	45.592
20.01	19.99	0.035336	45.692
20.01	19.99	0.035353	45.788
20.01	19.99	0.035369	45.891
20.01	19.99	0.035386	45.991
20.01	19.99	0.035403	46.088
20.01	19.99	0.035419	46.188
19.99	19.99	0.035436	46.291
19.99	20.00	0.035452	46.389
19.99	20.00	0.035469	46.489
19.99	20.00	0.035486	46.592
19.99	20.00	0.035502	46.690
19.99	20.00	0.035519	46.790
19.99	20.00	0.035536	46.891
19.99	20.00	0.035552	46.990
19.99	20.00	0.035569	47.090
19.99	20.01	0.035586	47.192
19.99	20.01	0.035602	47.290
19.99	20.01	0.035619	47.390
19.99	20.01	0.035636	47.492
19.99	20.01	0.035652	47.590
19.99	20.01	0.035669	47.690
19.99	20.01	0.035686	47.791
19.99	20.01	0.035702	47.890
19.99	20.01	0.035719	47.991
19.99	20.01	0.035736	48.092
19.99	20.01	0.035752	48.190
19.99	20.01	0.035769	48.290
19.99	20.01	0.035786	48.392
19.99	20.00	0.035802	48.490
19.99	20.00	0.035819	48.590
19.99	20.00	0.035836	48.692
20.01	20.00	0.035852	48.790
20.01	20.00	0.035869	48.891
20.01	20.00	0.035886	48.992
20.01	20.00	0.035902	49.090
20.01	19.99	0.035919	49.190
20.01	19.99	0.035936	49.293
20.01	19.99	0.035952	49.390
20.01	19.99	0.035969	49.490
20.01	19.99	0.035986	49.592
20.01	19.99	0.036002	49.691
20.01	19.99	0.036019	49.791
20.01	19.99	0.036036	49.892
20.01	19.99	0.036052	49.991
20.01	19.99	0.036069	50.091
20.01	19.99	0.036086	50.193
20.01	19.99	0.036102	50.291
20.01	19.99	0.036119	50.391
20.01	20.00	0.036136	50.493
20.01	20.00	0.036152	50.590
19.99	20.00	0.036169	50.715
19.99	20.00	0.036186	50.792
19.99	20.00	0.036202	50.919
19.99	20.00	0.036219	51.013
19.99	20.00	0.036236	51.093
19.99	20.00	0.036252	51.217
19.99	20.01	0.036269	51.312
19.99	20.01	0.036285	51.416
19.99	20.01	0.036302	51.516
19.99	20.01	0.036319	51.611
19.99	20.01	0.036335	51.715
19.99	20.01	0.036352	51.815
19.99	20.01	0.036369	51.909
19.99	20.01	0.036385	52.014
19.99	20.01	0.036402	52.113
19.99	20.01	0.036419	52.208
19.99	20.01	0.036435	52.313
19.99	20.01	0.036452	52.407
20.01	20.01	0.036469	52.507
20.01	20.00	0.036485	52.611
20.01	20.00	0.036502	52.706
20.01	20.00	0.036519	52.805
20.01	20.00	0.036535	52.910
20.01	20.00	0.036552	53.005
20.01	20.00	0.036569	53.104
20.01	20.00	0.036585	53.209
20.01	19.99	0.036602	53.303
20.01	19.99	0.036619	53.403
20.01	19.99	0.036635	53.507
20.01	19.99	0.036652	53.602
20.01	19.99	0.036669	53.701
20.01	19.99	0.036685	53.806
20.01	19.99	0.036702	53.901
20.01	19.99	0.036719	54.000
20.01	19.99	0.036735	54.105
20.01	19.99	0.036752	54.199
20.01	19.99	0.036769	54.299
20.01	19.99	0.036785	54.403
20.01	19.99	0.036802	54.498
20.01	20.00	0.036819	54.599
20.01	20.00	0.036835	54.702
19.99	20.00	0.036852	54.797
19.99	20.00	0.036869	54.898
19.99	20.00	0.036885	55.001
19.99	20.00	0.036902	55.095
19.99	20.00	0.036919	55.198
19.99	20.00	0.036935	55.299
19.99	20.01	0.036952	55.394
19.99	20.01	0.036969	55.499
19.99	20.01	0.036985	55.598
19.99	20.01	0.037002	55.693
19.99	20.01	0.037019	55.797
19.99	20.01	0.037035	55.897
19.99	20.01	0.037052	55.992
19.99	20.01	0.037069	56.096
19.99	20.01	0.037085	56.195
19.99	20.01	0.037102	56.292
19.99	20.01	0.037118	56.395
19.99	20.01	0.037135	56.494
20.01	20.01	0.037152	56.592
20.01	20.00	0.037168	56.694
20.01	20.00	0.037185	56.795
20.01	20.00	0.037202	56.892
20.01	20.00	0.037218	56.992
20.01	20.00	0.037235	57.095
20.01	20.00	0.037252	57.192
20.01	20.00	0.037268	57.292
20.01	19.99	0.037285	57.395
20.01	19.99	0.037302	57.492
20.01	19.99	0.037318	57.593
20.01	19.99	0.037335	57.695
20.01	19.99	0.037352	57.792
20.01	19.99	0.037368	57.892
20.01	19.99	0.037385	57.995
20.01	19.99	0.037402	58.092
20.01	19.99	0.037418	58.192
20.01	19.99	0.037435	58.295
20.01	19.99	0.037452	58.393
20.01	19.99	0.037468	58.492
20.01	19.99	0.037485	58.595
19.99	20.00	0.037502	58.692
19.99	20.00	0.037518	58.792
19.99	20.00	0.037535	58.895
19.99	20.00	0.037552	58.992
19.99	20.00	0.037568	59.092
19.99	20.00	0.037585	59.195
19.99	20.00	0.037602	59.292
19.99	20.00	0.037618	59.392
19.99	20.01	0.037635	59.495
19.99	20.01	0.037652	59.592
19.99	20.01	0.037668	59.692
19.99	20.01	0.037685	59.795
19.99	20.01	0.037702	59.892
19.99	20.01	0.037718	59.993
19.99	20.01	0.037735	00.095
19.99	20.01	0.037752	00.192
19.99	20.01	0.037768	00.292
19.99	20.01	0.037785	00.396
19.99	20.01	0.037802	00.492
19.99	20.01	0.037818	00.592
19.99	20.01	0.037835	00.695
19.99	20.00	0.037852	00.792
19.99	20.00	0.037868	00.893
19.99	20.00	0.037885	00.996
19.99	20.00	0.037902	01.092
20.01	20.00	0.037918	01.192
20.01	20.00	0.037935	01.296
20.01	20.00	0.037951	01.392
20.01	19.99	0.037968	01.492
20.01	19.99	0.037985	01.595
20.01	19.99	0.038001	01.692
20.01	19.99	0.038018	01.792
20.01	19.99	0.038035	01.896
20.01	19.99	0.038051	01.992
20.01	19.99	0.038068	02.115
20.01	19.99	0.038085	02.221
20.01	19.99	0.038101	02.320
20.01	19.99	0.038118	02.414
20.01	19.99	0.038135	02.518
20.01	19.99	0.038151	02.618
20.01	19.99	0.038168	02.713
20.01	20.00	0.038185	02.818
20.01	20.00	0.038201	02.917
19.99	20.00	0.038218	03.011
19.99	20.00	0.038235	03.116
19.99	20.00	0.038251	03.210
19.99	20.00	0.038268	03.310
19.99	20.00	0.038285	03.415
19.99	20.00	0.038301	03.509
19.99	20.01	0.038318	03.609
19.99	20.01	0.038335	03.713
19.99	20.01	0.038351	03.808
19.99	20.01	0.038368	03.907
19.99	20.01	0.038385	04.012
19.99	20.01	0.038401	04.106
19.99	20.01	0.038418	04.206
19.99	20.01	0.038435	04.311
19.99	20.01	0.038451	04.405
19.99	20.01	0.038468	04.505
19.99	20.01	0.038485	04.609
19.99	20.01	0.038501	04.704
19.99	20.01	0.038518	04.803
19.99	20.00	0.038535	04.909
20.01	20.00	0.038551	05.004
20.01	20.00	0.038568	05.103
20.01	20.00	0.038585	05.208
20.01	20.00	0.038601	05.302
20.01	20.00	0.038618	05.402
20.01	20.00	0.038635	05.506
20.01	19.99	0.038651	05.601
20.01	19.99	0.038668	05.701
20.01	19.99	0.038685	05.805
20.01	19.99	0.038701	05.900
20.01	19.99	0.038718	06.001
20.01	19.99	0.038735	06.104
20.01	19.99	0.038751	06.198
20.01	19.99	0.038768	06.302
20.01	19.99	0.038784	06.402
20.01	19.99	0.038801	06.497
20.01	19.99	0.038818	06.601
20.01	19.99	0.038834	06.701
20.01	19.99	0.038851	06.796
20.01	20.00	0.038868	06.900
20.01	20.00	0.038884	07.000
19.99	20.00	0.038901	07.094
19.99	20.00	0.038918	07.199
19.99	20.00	0.038934	07.298
19.99	20.00	0.038951	07.393
19.99	20.00	0.038968	07.498
19.99	20.00	0.038984	07.592
19.99	20.01	0.039001	07.692
19.99	20.01	0.039018	07.796
19.99	20.01	0.039034	07.892
19.99	20.01	0.039051	07.992
19.99	20.01	0.039068	08.095
19.99	20.01	0.039084	08.192
19.99	20.01	0.039101	08.292
19.99	20.01	0.039118	08.393
19.99	20.01	0.039134	08.492
19.99	20.01	0.039151	08.592
19.99	20.01	0.039168	08.692
19.99	20.01	0.039184	08.792
19.99	20.01	0.039201	08.892
19.99	20.00	0.039218	08.993
20.01	20.00	0.039234	09.092
20.01	20.00	0.039251	09.192
20.01	20.00	0.039268	09.292
20.01	20.00	0.039284	09.392
20.01	20.00	0.039301	09.492
20.01	20.00	0.039318	09.592
20.01	19.99	0.039334	09.692
20.01	19.99	0.039351	09.792
20.01	19.99	0.039368	09.892
20.01	19.99	0.039384	09.992
20.01	19.99	0.039401	10.092
20.01	19.99	0.039418	10.192
20.01	19.99	0.039434	10.292
20.01	19.99	0.039451	10.392
20.01	19.99	0.039468	10.492
20.01	19.99	0.039484	10.593
20.01	19.99	0.039501	10.692
20.01	19.99	0.039518	10.792
19.99	19.99	0.039534	10.892
19.99	20.00	0.039551	10.992
19.99	20.00	0.039568	11.092
19.99	20.00	0.039584	11.192
19.99	20.00	0.039601	11.292
19.99	20.00	0.039617	11.392
19.99	20.00	0.039634	11.493
19.99	20.00	0.039651	11.592
19.99	20.00	0.039667	11.692
19.99	20.01	0.039684	11.792
19.99	20.01	0.039701	11.892
19.99	20.01	0.039717	11.992
19.99	20.01	0.039734	12.092
19.99	20.01	0.039751	12.193
19.99	20.01	0.039767	12.292
19.99	20.01	0.039784	12.392
19.99	20.01	0.039801	12.492
19.99	20.01	0.039817	12.592
19.99	20.01	0.039834	12.692
19.99	20.01	0.039851	12.792
20.01	20.01	0.039867	12.892
20.01	20.01	0.039884	12.992
20.01	20.00	0.039901	13.093
20.01	20.00	0.039917	13.192
20.01	20.00	0.039934	13.292
20.01	20.00	0.039951	13.392
20.01	20.00	0.039967	13.492
20.01	20.00	0.039984	13.621
20.01	20.00	0.040001	13.721
20.01	19.99	0.040017	13.815
20.01	19.99	0.040034	13.920
20.01	19.99	0.040051	14.020
20.01	19.99	0.040067	14.114
20.01	19.99	0.040084	14.219
20.01	19.99	0.040101	14.313
20.01	19.99	0.040117	14.413
20.01	19.99	0.040134	14.517
20.01	19.99	0.040151	14.612
20.01	19.99	0.040167	14.711
20.01	19.99	0.040184	14.816
20.01	19.99	0.040201	14.910
20.01	19.99	0.040217	15.010
20.01	20.00	0.040234	15.114
19.99	20.00	0.040251	15.209
19.99	20.00	0.040267	15.308
19.99	20.00	0.040284	15.413
19.99	20.00	0.040301	15.508
19.99	20.00	0.040317	15.607
19.99	20.00	0.040334	15.712
19.99	20.00	0.040351	15.806
19.99	20.01	0.040367	15.906
19.99	20.01	0.040384	16.010
19.99	20.01	0.040401	16.105
19.99	20.01	0.040417	16.205
19.99	20.01	0.040434	16.309
19.99	20.01	0.040450	16.404
19.99	20.01	0.040467	16.504
19.99	20.01	0.040484	16.608
19.99	20.01	0.040500	16.702
19.99	20.01	0.040517	16.805
19.99	20.01	0.040534	16.907
19.99	20.01	0.040550	17.001
19.99	20.01	0.040567	17.105
20.01	20.00	0.040584	17.205
20.01	20.00	0.040600	17.300
20.01	20.00	0.040617	17.405
20.01	20.00	0.040634	17.504
20.01	20.00	0.040650	17.598
20.01	20.00	0.040667	17.704
20.01	20.00	0.040684	17.804
20.01	19.99	0.040700	17.898
20.01	19.99	0.040717	18.002
20.01	19.99	0.040734	18.101
20.01	19.99	0.040750	18.197
20.01	19.99	0.040767	18.301
20.01	19.99	0.040784	18.396
20.01	19.99	0.040800	18.495
20.01	19.99	0.040817	18.600
20.01	19.99	0.040834	18.695
20.01	19.99	0.040850	18.794
20.01	19.99	0.040867	18.899
20.01	19.99	0.040884	18.993
20.01	19.99	0.040900	19.093
20.01	20.00	0.040917	19.197
19.99	20.00	0.040934	19.293
19.99	20.00	0.040950	19.393
19.99	20.00	0.040967	19.495
19.99	20.00	0.040984	19.593
19.99	20.00	0.041000	19.693
19.99	20.00	0.041017	19.794
19.99	20.00	0.041034	19.893
19.99	20.01	0.041050	19.993
19.99	20.01	0.041067	20.093
19.99	20.01	0.041084	20.193
19.99	20.01	0.041100	20.293
19.99	20.01	0.041117	20.393
19.99	20.01	0.041134	20.493
19.99	20.01	0.041150	20.593
19.99	20.01	0.041167	20.694
19.99	20.01	0.041184	20.793
19.99	20.01	0.041200	20.894
19.99	20.01	0.041217	20.994
19.99	20.01	0.041234	21.094
19.99	20.01	0.041250	21.194
20.01	20.00	0.041267	21.294
20.01	20.00	0.041283	21.394
20.01	20.00	0.041300	21.494
20.01	20.00	0.041317	21.595
20.01	20.00	0.041333	21.694
20.01	20.00	0.041350	21.794
20.01	20.00	0.041367	21.894
20.01	19.99	0.041383	21.994
20.01	19.99	0.041400	22.094
20.01	19.99	0.041417	22.194
20.01	19.99	0.041433	22.294
20.01	19.99	0.041450	22.395
20.01	19.99	0.041467	22.494
20.01	19.99	0.041483	22.594
20.01	19.99	0.041500	22.694
20.01	19.99	0.041517	22.794
20.01	19.99	0.041533	22.894
20.01	19.99	0.041550	22.994
20.01	19.99	0.041567	23.094
20.01	19.99	0.041583	23.194
20.01	20.00	0.041600	23.294
20.01	20.00	0.041617	23.394
19.99	20.00	0.041633	23.494
19.99	20.00	0.041650	23.594
19.99	20.00	0.041667	23.694
19.99	20.00	0.041683	23.794
19.99	20.00	0.041700	23.894
19.99	20.00	0.041717	23.995
19.99	20.01	0.041733	24.094
19.99	20.01	0.041750	24.194
19.99	20.01	0.041767	24.294
19.99	20.01	0.041783	24.394
19.99	20.01	0.041800	24.494
19.99	20.01	0.041817	24.594
19.99	20.01	0.041833	24.723
19.99	20.01	0.041850	24.822
19.99	20.01	0.041867	24.917
19.99	20.01	0.041883	25.022
19.99	20.01	0.041900	25.116
19.99	20.01	0.041917	25.216
19.99	20.01	0.041933	25.321
19.99	20.00	0.041950	25.415
19.99	20.00	0.041967	25.515
19.99	20.00	0.041983	25.619
20.01	20.00	0.042000	25.714
20.01	20.00	0.042017	25.814
20.01	20.00	0.042033	25.918
20.01	20.00	0.042050	26.013
20.01	19.99	0.042067	26.112
20.01	19.99	0.042083	26.217
20.01	19.99	0.042100	26.311
20.01	19.99	0.042116	26.411
20.01	19.99	0.042133	26.515
20.01	19.99	0.042150	26.610
20.01	19.99	0.042166	26.710
20.01	19.99	0.042183	26.814
20.01	19.99	0.042200	26.909
20.01	19.99	0.042216	27.009
20.01	19.99	0.042233	27.113
20.01	19.99	0.042250	27.208
20.01	19.99	0.042266	27.307
20.01	20.00	0.042283	27.412
20.01	20.00	0.042300	27.507
19.99	20.00	0.042316	27.608
19.99	20.00	0.042333	27.711
19.99	20.00	0.042350	27.805
19.99	20.00	0.042366	27.908
19.99	20.00	0.042383	28.009
19.99	20.00	0.042400	28.104
19.99	20.01	0.042416	28.208
19.99	20.01	0.042433	28.308
19.99	20.01	0.042450	28.403
19.99	20.01	0.042466	28.507
19.99	20.01	0.042483	28.607
19.99	20.01	0.042500	28.701
19.99	20.01	0.042516	28.806
19.99	20.01	0.042533	28.905
19.99	20.01	0.042550	29.000
19.99	20.01	0.042566	29.105
19.99	20.01	0.042583	29.199
19.99	20.01	0.042600	29.298
19.99	20.01	0.042616	29.403
19.99	20.00	0.042633	29.497
20.01	20.00	0.042650	29.597
20.01	20.00	0.042666	29.701
20.01	20.00	0.042683	29.796
20.01	20.00	0.042700	29.896
20.01	20.00	0.042716	30.000
20.01	20.00	0.042733	30.095
20.01	19.99	0.042750	30.195
20.01	19.99	0.042766	30.299
20.01	19.99	0.042783	30.395
20.01	19.99	0.042800	30.495
20.01	19.99	0.042816	30.598
20.01	19.99	0.042833	30.695
20.01	19.99	0.042850	30.795
20.01	19.99	0.042866	30.897
20.01	19.99	0.042883	30.995
20.01	19.99	0.042900	31.095
20.01	19.99	0.042916	31.195
20.01	19.99	0.042933	31.295
20.01	19.99	0.042949	31.395
20.01	20.00	0.042966	31.495
20.01	20.00	0.042983	31.595
19.99	20.00	0.042999	31.695
19.99	20.00	0.043016	31.795
19.99	20.00	0.043033	31.895
19.99	20.00	0.043049	31.995
19.99	20.00	0.043066	32.096
19.99	20.00	0.043083	32.195
19.99	20.01	0.043099	32.295
19.99	20.01	0.043116	32.395
19.99	20.01	0.043133	32.495
19.99	20.01	0.043149	32.595
19.99	20.01	0.043166	32.695
19.99	20.01	0.043183	32.795
19.99	20.01	0.043199	32.895
19.99	20.01	0.043216	32.996
19.99	20.01	0.043233	33.095
19.99	20.01	0.043249	33.195
19.99	20.01	0.043266	33.295
19.99	20.01	0.043283	33.395
19.99	20.01	0.043299	33.495
20.01	20.00	0.043316	33.595
20.01	20.00	0.043333	33.695
20.01	20.00	0.043349	33.795
20.01	20.00	0.043366	33.895
20.01	20.00	0.043383	33.995
20.01	20.00	0.043399	34.095
20.01	20.00	0.043416	34.195
20.01	19.99	0.043433	34.295
20.01	19.99	0.043449	34.395
20.01	19.99	0.043466	34.495
20.01	19.99	0.043483	34.596
20.01	19.99	0.043499	34.695
20.01	19.99	0.043516	34.795
20.01	19.99	0.043533	34.895
20.01	19.99	0.043549	34.995
20.01	19.99	0.043566	35.095
20.01	19.99	0.043583	35.195
20.01	19.99	0.043599	35.295
20.01	19.99	0.043616	35.395
19.99	19.99	0.043633	35.495
19.99	20.00	0.043649	35.595
19.99	20.00	0.043666	35.695
19.99	20.00	0.043683	35.795
19.99	20.00	0.043699	35.895
