100.00	0.00	7.23	30.00	150.00	2.70	97.30	0.50	

19.99	20.00	0.000000	44.418
19.99	20.00	0.000017	44.522
19.99	20.00	0.000033	44.622
19.99	20.00	0.000050	44.716
19.99	20.01	0.000067	44.821
19.96	20.01	0.000083	44.916
19.96	20.01	0.000100	45.015
19.96	20.01	0.000117	45.121
19.93	20.01	0.000133	45.215
19.93	20.01	0.000150	45.315
19.93	20.01	0.000167	45.419
19.93	20.01	0.000183	45.514
19.93	20.01	0.000200	45.613
19.93	20.01	0.000217	45.718
19.93	20.01	0.000233	45.813
19.93	20.01	0.000250	45.912
19.93	20.01	0.000267	46.017
19.93	20.00	0.000283	46.111
19.96	20.00	0.000300	46.211
19.96	20.00	0.000317	46.315
19.96	20.00	0.000333	46.410
19.99	20.00	0.000350	46.510
19.99	20.00	0.000367	46.614
19.99	20.00	0.000383	46.709
20.01	19.99	0.000400	46.808
20.01	19.99	0.000416	46.913
20.01	19.99	0.000433	47.007
20.04	19.99	0.000450	47.108
20.04	19.99	0.000466	47.212
20.04	19.99	0.000483	47.307
20.04	19.99	0.000500	47.407
20.04	19.99	0.000516	47.511
20.04	19.99	0.000533	47.606
20.06	19.99	0.000550	47.706
20.06	19.99	0.000566	47.810
20.06	19.99	0.000583	47.904
20.06	19.99	0.000600	48.006
20.06	20.00	0.000616	48.108
20.04	20.00	0.000633	48.203
20.04	20.00	0.000650	48.306
20.04	20.00	0.000666	48.407
20.04	20.00	0.000683	48.502
20.04	20.00	0.000700	48.606
20.04	20.00	0.000716	48.706
20.01	20.00	0.000733	48.800
20.01	20.01	0.000750	48.905
20.01	20.01	0.000766	49.005
20.01	20.01	0.000783	49.099
20.01	20.01	0.000800	49.204
20.01	20.01	0.000816	49.303
19.99	20.01	0.000833	49.398
19.99	20.01	0.000850	49.502
19.99	20.01	0.000866	49.602
19.99	20.01	0.000883	49.697
19.99	20.01	0.000900	49.802
19.99	20.01	0.000916	49.896
19.99	20.01	0.000933	49.996
19.99	20.01	0.000950	50.101
19.99	20.00	0.000966	50.196
20.01	20.00	0.000983	50.296
20.01	20.00	0.001000	50.399
20.01	20.00	0.001016	50.496
20.01	20.00	0.001033	50.596
20.01	20.00	0.001050	50.698
20.01	20.00	0.001066	50.796
20.01	19.99	0.001083	50.896
20.01	19.99	0.001100	50.997
20.01	19.99	0.001116	51.096
20.01	19.99	0.001133	51.196
20.01	19.99	0.001150	51.295
20.04	19.99	0.001166	51.396
20.04	19.99	0.001183	51.496
20.04	19.99	0.001200	51.596
20.04	19.99	0.001216	51.696
20.04	19.99	0.001233	51.796
20.01	19.99	0.001250	51.896
20.01	19.99	0.001266	52.001
20.01	19.99	0.001283	52.096
20.01	20.00	0.001299	52.196
20.01	20.00	0.001316	52.296
20.01	20.00	0.001333	52.396
20.01	20.00	0.001349	52.496
20.01	20.00	0.001366	52.596
19.99	20.00	0.001383	52.696
19.99	20.00	0.001399	52.796
19.99	20.00	0.001416	52.895
19.99	20.01	0.001433	52.996
19.99	20.01	0.001449	53.096
19.99	20.01	0.001466	53.196
19.99	20.01	0.001483	53.296
19.99	20.01	0.001499	53.396
19.99	20.01	0.001516	53.496
19.99	20.01	0.001533	53.595
19.99	20.01	0.001549	53.696
19.99	20.01	0.001566	53.796
19.99	20.01	0.001583	53.896
19.99	20.01	0.001599	53.996
19.99	20.01	0.001616	54.101
19.99	20.01	0.001633	54.196
20.01	20.00	0.001649	54.296
20.01	20.00	0.001666	54.396
20.01	20.00	0.001683	54.495
20.01	20.00	0.001699	54.596
20.01	20.00	0.001716	54.696
20.01	20.00	0.001733	54.796
20.01	20.00	0.001749	54.896
20.01	19.99	0.001766	55.001
20.01	19.99	0.001783	55.096
20.01	19.99	0.001799	55.195
20.01	19.99	0.001816	55.296
20.01	19.99	0.001833	55.396
20.01	19.99	0.001849	55.496
20.01	19.99	0.001866	55.596
20.01	19.99	0.001883	55.696
20.01	19.99	0.001899	55.796
20.01	19.99	0.001916	55.896
20.01	19.99	0.001933	55.995
20.01	19.99	0.001949	56.095
20.01	19.99	0.001966	56.196
20.01	20.00	0.001983	56.296
20.01	20.00	0.001999	56.396
19.99	20.00	0.002016	56.525
19.99	20.00	0.002033	56.625
19.99	20.00	0.002049	56.719
19.99	20.00	0.002066	56.824
19.99	20.00	0.002082	56.923
19.99	20.00	0.002099	57.018
19.99	20.01	0.002116	57.122
19.99	20.01	0.002132	57.222
19.99	20.01	0.002149	57.317
19.99	20.01	0.002166	57.422
19.99	20.01	0.002182	57.521
19.99	20.01	0.002199	57.615
19.99	20.01	0.002216	57.721
19.99	20.01	0.002232	57.815
19.99	20.01	0.002249	57.915
19.99	20.01	0.002266	58.020
19.99	20.01	0.002282	58.114
19.99	20.01	0.002299	58.214
19.99	20.01	0.002316	58.318
20.01	20.00	0.002332	58.413
20.01	20.00	0.002349	58.512
20.01	20.00	0.002366	58.617
20.01	20.00	0.002382	58.711
20.01	20.00	0.002399	58.811
20.01	20.00	0.002416	58.916
20.01	20.00	0.002432	59.010
20.01	19.99	0.002449	59.110
20.01	19.99	0.002466	59.214
20.01	19.99	0.002482	59.309
20.01	19.99	0.002499	59.408
20.01	19.99	0.002516	59.513
20.01	19.99	0.002532	59.608
20.01	19.99	0.002549	59.708
20.01	19.99	0.002566	59.813
20.01	19.99	0.002582	59.907
20.01	19.99	0.002599	00.007
20.01	19.99	0.002616	00.111
20.01	19.99	0.002632	00.206
20.01	19.99	0.002649	00.305
20.01	20.00	0.002666	00.410
20.01	20.00	0.002682	00.505
20.01	20.00	0.002699	00.605
20.01	20.00	0.002716	00.709
19.99	20.00	0.002732	00.803
19.99	20.00	0.002749	00.905
19.99	20.00	0.002766	01.007
19.99	20.00	0.002782	01.102
19.99	20.01	0.002799	01.205
19.99	20.01	0.002816	01.306
19.99	20.01	0.002832	01.401
19.99	20.01	0.002849	01.505
19.99	20.01	0.002866	01.605
19.99	20.01	0.002882	01.699
19.99	20.01	0.002899	01.804
19.99	20.01	0.002915	01.903
19.99	20.01	0.002932	01.998
19.99	20.01	0.002949	02.103
19.99	20.01	0.002965	02.202
19.99	20.01	0.002982	02.297
19.99	20.01	0.002999	02.402
20.01	20.00	0.003015	02.502
20.01	20.00	0.003032	02.597
20.01	20.00	0.003049	02.701
20.01	20.00	0.003065	02.800
20.01	20.00	0.003082	02.897
20.01	20.00	0.003099	03.000
20.01	20.00	0.003115	03.100
20.01	19.99	0.003132	03.197
20.01	19.99	0.003149	03.298
20.01	19.99	0.003165	03.400
20.01	19.99	0.003182	03.496
20.01	19.99	0.003199	03.597
20.01	19.99	0.003215	03.701
20.01	19.99	0.003232	03.797
20.01	19.99	0.003249	03.897
20.01	19.99	0.003265	04.000
20.01	19.99	0.003282	04.097
20.01	19.99	0.003299	04.197
20.01	19.99	0.003315	04.300
20.01	19.99	0.003332	04.396
19.99	20.00	0.003349	04.497
19.99	20.00	0.003365	04.601
19.99	20.00	0.003382	04.697
19.99	20.00	0.003399	04.798
19.99	20.00	0.003415	04.900
19.99	20.00	0.003432	04.998
19.99	20.00	0.003449	05.098
19.99	20.00	0.003465	05.200
19.99	20.01	0.003482	05.297
19.99	20.01	0.003499	05.398
19.99	20.01	0.003515	05.501
19.99	20.01	0.003532	05.598
19.99	20.01	0.003549	05.698
19.99	20.01	0.003565	05.800
19.99	20.01	0.003582	05.898
19.99	20.01	0.003599	05.997
19.99	20.01	0.003615	06.100
19.99	20.01	0.003632	06.198
19.99	20.01	0.003649	06.298
19.99	20.01	0.003665	06.400
19.99	20.01	0.003682	06.499
19.99	20.00	0.003699	06.599
20.01	20.00	0.003715	06.700
20.01	20.00	0.003732	06.799
20.01	20.00	0.003748	06.898
20.01	20.00	0.003765	07.000
20.01	20.00	0.003782	07.099
20.01	20.00	0.003798	07.199
20.01	19.99	0.003815	07.300
20.01	19.99	0.003832	07.399
20.01	19.99	0.003848	07.499
20.01	19.99	0.003865	07.600
20.01	19.99	0.003882	07.699
20.01	19.99	0.003898	07.798
20.01	19.99	0.003915	07.900
20.01	19.99	0.003932	07.999
20.01	19.99	0.003948	08.099
20.01	19.99	0.003965	08.200
20.01	19.99	0.003982	08.299
20.01	19.99	0.003998	08.399
20.01	19.99	0.004015	08.500
20.01	20.00	0.004032	08.628
19.99	20.00	0.004048	08.722
19.99	20.00	0.004065	08.800
19.99	20.00	0.004082	08.927
19.99	20.00	0.004098	09.021
19.99	20.00	0.004115	09.100
19.99	20.00	0.004132	09.225
19.99	20.00	0.004148	09.320
19.99	20.01	0.004165	09.424
19.99	20.01	0.004182	09.524
19.99	20.01	0.004198	09.619
19.99	20.01	0.004215	09.723
19.99	20.01	0.004232	09.823
19.99	20.01	0.004248	09.917
19.99	20.01	0.004265	10.022
19.99	20.01	0.004282	10.121
19.99	20.01	0.004298	10.216
19.99	20.01	0.004315	10.320
19.99	20.01	0.004332	10.420
19.99	20.01	0.004348	10.515
19.99	20.01	0.004365	10.619
20.01	20.00	0.004382	10.714
20.01	20.00	0.004398	10.813
20.01	20.00	0.004415	10.919
20.01	20.00	0.004432	11.013
20.01	20.00	0.004448	11.113
20.01	20.00	0.004465	11.217
20.01	20.00	0.004482	11.312
20.01	19.99	0.004498	11.412
20.01	19.99	0.004515	11.516
20.01	19.99	0.004532	11.611
20.01	19.99	0.004548	11.710
20.01	19.99	0.004565	11.815
20.01	19.99	0.004581	11.909
20.01	19.99	0.004598	12.009
20.01	19.99	0.004615	12.114
20.01	19.99	0.004631	12.208
20.01	19.99	0.004648	12.308
20.01	19.99	0.004665	12.412
20.01	19.99	0.004681	12.507
20.01	19.99	0.004698	12.606
20.01	20.00	0.004715	12.711
19.99	20.00	0.004731	12.805
19.99	20.00	0.004748	12.905
19.99	20.00	0.004765	13.010
19.99	20.00	0.004781	13.104
19.99	20.00	0.004798	13.204
19.99	20.00	0.004815	13.308
19.99	20.00	0.004831	13.403
19.99	20.01	0.004848	13.504
19.99	20.01	0.004865	13.608
19.99	20.01	0.004881	13.703
19.99	20.01	0.004898	13.804
19.99	20.01	0.004915	13.907
19.99	20.01	0.004931	14.001
19.99	20.01	0.004948	14.104
19.99	20.01	0.004965	14.205
19.99	20.01	0.004981	14.300
19.99	20.01	0.004998	14.403
19.99	20.01	0.005015	14.504
19.99	20.01	0.005031	14.600
19.99	20.01	0.005048	14.703
19.99	20.00	0.005065	14.803
20.01	20.00	0.005081	14.900
20.01	20.00	0.005098	15.002
20.01	20.00	0.005115	15.101
20.01	20.00	0.005131	15.201
20.01	20.00	0.005148	15.301
20.01	20.00	0.005165	15.401
20.01	19.99	0.005181	15.501
20.01	19.99	0.005198	15.601
20.01	19.99	0.005215	15.701
20.01	19.99	0.005231	15.801
20.01	19.99	0.005248	15.901
20.01	19.99	0.005265	16.000
20.01	19.99	0.005281	16.101
20.01	19.99	0.005298	16.201
20.01	19.99	0.005315	16.301
20.01	19.99	0.005331	16.401
20.01	19.99	0.005348	16.501
20.01	19.99	0.005365	16.601
20.01	19.99	0.005381	16.700
20.01	20.00	0.005398	16.801
20.01	20.00	0.005414	16.901
19.99	20.00	0.005431	17.001
19.99	20.00	0.005448	17.101
19.99	20.00	0.005464	17.201
19.99	20.00	0.005481	17.301
19.99	20.00	0.005498	17.401
19.99	20.00	0.005514	17.501
19.99	20.01	0.005531	17.600
19.99	20.01	0.005548	17.701
19.99	20.01	0.005564	17.801
19.99	20.01	0.005581	17.901
19.99	20.01	0.005598	18.001
19.99	20.01	0.005614	18.101
19.99	20.01	0.005631	18.201
19.99	20.01	0.005648	18.301
19.99	20.01	0.005664	18.401
19.99	20.01	0.005681	18.500
19.99	20.01	0.005698	18.601
19.99	20.01	0.005714	18.701
20.01	20.01	0.005731	18.801
20.01	20.00	0.005748	18.901
20.01	20.00	0.005764	19.001
20.01	20.00	0.005781	19.101
20.01	20.00	0.005798	19.200
20.01	20.00	0.005814	19.301
20.01	20.00	0.005831	19.401
20.01	20.00	0.005848	19.501
20.01	19.99	0.005864	19.601
20.01	19.99	0.005881	19.701
20.01	19.99	0.005898	19.801
20.01	19.99	0.005914	19.901
20.01	19.99	0.005931	20.001
20.01	19.99	0.005948	20.101
20.01	19.99	0.005964	20.201
20.01	19.99	0.005981	20.301
20.01	19.99	0.005998	20.401
20.01	19.99	0.006014	20.501
20.01	19.99	0.006031	20.630
19.99	19.99	0.006048	20.725
19.99	19.99	0.006064	20.824
19.99	20.00	0.006081	20.929
19.99	20.00	0.006098	21.023
19.99	20.00	0.006114	21.124
19.99	20.00	0.006131	21.228
19.99	20.00	0.006148	21.322
19.99	20.00	0.006164	21.424
19.99	20.00	0.006181	21.526
19.99	20.00	0.006198	21.621
19.99	20.01	0.006214	21.723
19.99	20.01	0.006231	21.825
19.99	20.01	0.006247	21.920
19.99	20.01	0.006264	22.024
19.99	20.01	0.006281	22.124
19.99	20.01	0.006297	22.218
19.99	20.01	0.006314	22.323
19.99	20.01	0.006331	22.422
19.99	20.01	0.006347	22.517
19.99	20.01	0.006364	22.621
19.99	20.01	0.006381	22.722
19.99	20.01	0.006397	22.817
19.99	20.01	0.006414	22.921
19.99	20.00	0.006431	23.021
20.01	20.00	0.006447	23.115
20.01	20.00	0.006464	23.220
20.01	20.00	0.006481	23.319
20.01	20.00	0.006497	23.414
20.01	20.00	0.006514	23.518
20.01	20.00	0.006531	23.613
20.01	19.99	0.006547	23.713
20.01	19.99	0.006564	23.817
20.01	19.99	0.006581	23.912
20.01	19.99	0.006597	24.011
20.01	19.99	0.006614	24.116
20.01	19.99	0.006631	24.210
20.01	19.99	0.006647	24.310
20.01	19.99	0.006664	24.415
20.01	19.99	0.006681	24.509
20.01	19.99	0.006697	24.609
20.01	19.99	0.006714	24.713
20.01	19.99	0.006731	24.808
20.01	19.99	0.006747	24.908
20.01	20.00	0.006764	25.012
20.01	20.00	0.006781	25.107
20.01	20.00	0.006797	25.207
20.01	20.00	0.006814	25.311
19.99	20.00	0.006831	25.406
19.99	20.00	0.006847	25.505
19.99	20.00	0.006864	25.610
19.99	20.00	0.006881	25.704
19.99	20.01	0.006897	25.804
19.99	20.01	0.006914	25.909
19.99	20.01	0.006931	26.003
19.99	20.01	0.006947	26.104
19.99	20.01	0.006964	26.207
19.99	20.01	0.006981	26.302
19.99	20.01	0.006997	26.403
19.99	20.01	0.007014	26.507
19.99	20.01	0.007031	26.601
19.99	20.01	0.007047	26.703
19.99	20.01	0.007064	26.806
19.99	20.01	0.007080	26.902
19.99	20.01	0.007097	27.003
19.99	20.00	0.007114	27.104
20.01	20.00	0.007130	27.202
20.01	20.00	0.007147	27.303
20.01	20.00	0.007164	27.403
20.01	20.00	0.007180	27.502
20.01	20.00	0.007197	27.602
20.01	20.00	0.007214	27.702
20.01	19.99	0.007230	27.802
20.01	19.99	0.007247	27.902
20.01	19.99	0.007264	28.002
20.01	19.99	0.007280	28.102
20.01	19.99	0.007297	28.201
20.01	19.99	0.007314	28.302
20.01	19.99	0.007330	28.402
20.01	19.99	0.007347	28.502
20.01	19.99	0.007364	28.602
20.01	19.99	0.007380	28.701
20.01	19.99	0.007397	28.801
20.01	19.99	0.007414	28.902
20.01	19.99	0.007430	29.002
20.01	20.00	0.007447	29.101
20.01	20.00	0.007464	29.202
20.01	20.00	0.007480	29.302
20.01	20.00	0.007497	29.402
19.99	20.00	0.007514	29.502
19.99	20.00	0.007530	29.602
19.99	20.00	0.007547	29.702
19.99	20.00	0.007564	29.801
19.99	20.01	0.007580	29.902
19.99	20.01	0.007597	30.002
19.99	20.01	0.007614	30.102
19.99	20.01	0.007630	30.202
19.99	20.01	0.007647	30.302
19.99	20.01	0.007664	30.402
19.99	20.01	0.007680	30.502
19.99	20.01	0.007697	30.602
19.99	20.01	0.007714	30.701
19.99	20.01	0.007730	30.802
19.99	20.01	0.007747	30.902
19.99	20.01	0.007764	31.002
20.01	20.01	0.007780	31.102
20.01	20.00	0.007797	31.202
20.01	20.00	0.007814	31.302
20.01	20.00	0.007830	31.402
20.01	20.00	0.007847	31.502
20.01	20.00	0.007864	31.601
20.01	20.00	0.007880	31.701
20.01	20.00	0.007897	31.801
20.01	19.99	0.007913	31.902
20.01	19.99	0.007930	32.002
20.01	19.99	0.007947	32.102
20.01	19.99	0.007963	32.202
20.01	19.99	0.007980	32.302
20.01	19.99	0.007997	32.402
20.01	19.99	0.008013	32.502
20.01	19.99	0.008030	32.602
20.01	19.99	0.008047	32.702
20.01	19.99	0.008063	32.802
20.01	19.99	0.008080	32.902
20.01	19.99	0.008097	33.026
20.01	19.99	0.008113	33.126
20.01	20.00	0.008130	33.230
20.01	20.00	0.008147	33.325
19.99	20.00	0.008163	33.424
19.99	20.00	0.008180	33.529
19.99	20.00	0.008197	33.624
19.99	20.00	0.008213	33.723
19.99	20.00	0.008230	33.828
19.99	20.00	0.008247	33.922
19.99	20.01	0.008263	34.023
19.99	20.01	0.008280	34.126
19.99	20.01	0.008297	34.221
19.99	20.01	0.008313	34.322
19.99	20.01	0.008330	34.425
19.99	20.01	0.008347	34.520
19.99	20.01	0.008363	34.622
19.99	20.01	0.008380	34.724
19.99	20.01	0.008397	34.818
19.99	20.01	0.008413	34.923
19.99	20.01	0.008430	35.022
19.99	20.01	0.008447	35.118
19.99	20.01	0.008463	35.223
20.01	20.00	0.008480	35.322
20.01	20.00	0.008497	35.417
20.01	20.00	0.008513	35.521
20.01	20.00	0.008530	35.621
20.01	20.00	0.008547	35.715
20.01	20.00	0.008563	35.820
20.01	20.00	0.008580	35.919
20.01	19.99	0.008597	36.014
20.01	19.99	0.008613	36.119
20.01	19.99	0.008630	36.218
20.01	19.99	0.008647	36.313
20.01	19.99	0.008663	36.417
20.01	19.99	0.008680	36.512
20.01	19.99	0.008697	36.612
20.01	19.99	0.008713	36.716
20.01	19.99	0.008730	36.811
20.01	19.99	0.008746	36.910
20.01	19.99	0.008763	37.015
20.01	19.99	0.008780	37.109
20.01	19.99	0.008796	37.209
20.01	20.00	0.008813	37.314
20.01	20.00	0.008830	37.408
19.99	20.00	0.008846	37.508
19.99	20.00	0.008863	37.613
19.99	20.00	0.008880	37.708
19.99	20.00	0.008896	37.807
19.99	20.00	0.008913	37.912
19.99	20.00	0.008930	38.006
19.99	20.01	0.008946	38.106
19.99	20.01	0.008963	38.210
19.99	20.01	0.008980	38.305
19.99	20.01	0.008996	38.405
19.99	20.01	0.009013	38.509
19.99	20.01	0.009030	38.604
19.99	20.01	0.009046	38.703
19.99	20.01	0.009063	38.808
19.99	20.01	0.009080	38.902
19.99	20.01	0.009096	39.002
19.99	20.01	0.009113	39.107
19.99	20.01	0.009130	39.202
19.99	20.01	0.009146	39.302
19.99	20.00	0.009163	39.405
19.99	20.00	0.009180	39.502
20.01	20.00	0.009196	39.602
20.01	20.00	0.009213	39.704
20.01	20.00	0.009230	39.801
20.01	20.00	0.009246	39.902
20.01	20.00	0.009263	40.004
20.01	19.99	0.009280	40.102
20.01	19.99	0.009296	40.202
20.01	19.99	0.009313	40.302
20.01	19.99	0.009330	40.402
20.01	19.99	0.009346	40.502
20.01	19.99	0.009363	40.602
20.01	19.99	0.009380	40.701
20.01	19.99	0.009396	40.802
20.01	19.99	0.009413	40.902
20.01	19.99	0.009430	41.002
20.01	19.99	0.009446	41.102
20.01	19.99	0.009463	41.202
20.01	19.99	0.009480	41.302
20.01	20.00	0.009496	41.401
19.99	20.00	0.009513	41.502
19.99	20.00	0.009530	41.602
19.99	20.00	0.009546	41.702
19.99	20.00	0.009563	41.802
19.99	20.00	0.009579	41.902
19.99	20.00	0.009596	42.002
19.99	20.00	0.009613	42.102
19.99	20.01	0.009629	42.202
19.99	20.01	0.009646	42.301
19.99	20.01	0.009663	42.402
19.99	20.01	0.009679	42.502
19.99	20.01	0.009696	42.602
19.99	20.01	0.009713	42.702
19.99	20.01	0.009729	42.802
19.99	20.01	0.009746	42.902
19.99	20.01	0.009763	43.002
19.99	20.01	0.009779	43.102
19.99	20.01	0.009796	43.201
19.99	20.01	0.009813	43.302
19.99	20.01	0.009829	43.402
19.99	20.00	0.009846	43.502
20.01	20.00	0.009863	43.602
20.01	20.00	0.009879	43.702
20.01	20.00	0.009896	43.802
20.01	20.00	0.009913	43.902
20.01	20.00	0.009929	44.002
20.01	20.00	0.009946	44.102
20.01	19.99	0.009963	44.202
20.01	19.99	0.009979	44.302
20.01	19.99	0.009996	44.402
20.01	19.99	0.010013	44.501
20.01	19.99	0.010029	44.602
20.01	19.99	0.010046	44.702
20.01	19.99	0.010063	44.802
20.01	19.99	0.010079	44.902
20.01	19.99	0.010096	45.002
20.01	19.99	0.010113	45.102
20.01	19.99	0.010129	45.202
20.01	19.99	0.010146	45.302
20.01	19.99	0.010163	45.401
20.01	20.00	0.010179	45.502
20.01	20.00	0.010196	45.602
20.01	20.00	0.010213	45.726
20.01	20.00	0.010229	45.831
20.01	20.00	0.010246	45.925
19.99	20.00	0.010263	46.024
19.99	20.00	0.010279	46.129
19.99	20.00	0.010296	46.223
19.99	20.01	0.010313	46.323
19.99	20.01	0.010329	46.427
19.99	20.01	0.010346	46.522
19.99	20.01	0.010363	46.622
19.99	20.01	0.010379	46.727
19.99	20.01	0.010396	46.821
19.99	20.01	0.010412	46.921
19.99	20.01	0.010429	47.026
19.99	20.01	0.010446	47.120
19.99	20.01	0.010462	47.222
19.99	20.01	0.010479	47.325
19.99	20.01	0.010496	47.419
19.99	20.01	0.010512	47.522
19.99	20.00	0.010529	47.623
20.01	20.00	0.010546	47.718
20.01	20.00	0.010562	47.821
20.01	20.00	0.010579	47.922
20.01	20.00	0.010596	48.016
20.01	20.00	0.010612	48.121
20.01	20.00	0.010629	48.221
20.01	19.99	0.010646	48.315
20.01	19.99	0.010662	48.420
20.01	19.99	0.010679	48.519
20.01	19.99	0.010696	48.614
20.01	19.99	0.010712	48.718
20.01	19.99	0.010729	48.819
20.01	19.99	0.010746	48.914
20.01	19.99	0.010762	49.018
20.01	19.99	0.010779	49.118
20.01	19.99	0.010796	49.212
20.01	19.99	0.010812	49.317
20.01	19.99	0.010829	49.411
19.99	19.99	0.010846	49.511
19.99	20.00	0.010862	49.615
19.99	20.00	0.010879	49.710
19.99	20.00	0.010896	49.810
19.99	20.00	0.010912	49.914
19.99	20.00	0.010929	50.009
19.99	20.00	0.010946	50.108
19.99	20.00	0.010962	50.213
19.99	20.00	0.010979	50.307
19.99	20.01	0.010996	50.407
19.99	20.01	0.011012	50.511
19.99	20.01	0.011029	50.606
19.99	20.01	0.011046	50.706
19.99	20.01	0.011062	50.810
19.99	20.01	0.011079	50.905
19.99	20.01	0.011096	51.004
19.99	20.01	0.011112	51.109
19.99	20.01	0.011129	51.203
19.99	20.01	0.011146	51.303
19.99	20.01	0.011162	51.408
20.01	20.01	0.011179	51.503
20.01	20.01	0.011196	51.602
20.01	20.00	0.011212	51.707
20.01	20.00	0.011229	51.802
20.01	20.00	0.011245	51.902
20.01	20.00	0.011262	52.006
20.01	20.00	0.011279	52.101
20.01	20.00	0.011295	52.202
20.01	20.00	0.011312	52.305
20.01	19.99	0.011329	52.402
20.01	19.99	0.011345	52.502
20.01	19.99	0.011362	52.603
20.01	19.99	0.011379	52.702
20.01	19.99	0.011395	52.802
20.01	19.99	0.011412	52.903
20.01	19.99	0.011429	53.002
20.01	19.99	0.011445	53.102
20.01	19.99	0.011462	53.202
20.01	19.99	0.011479	53.302
20.01	19.99	0.011495	53.401
20.01	19.99	0.011512	53.502
20.01	19.99	0.011529	53.602
20.01	20.00	0.011545	53.702
20.01	20.00	0.011562	53.802
20.01	20.00	0.011579	53.902
20.01	20.00	0.011595	54.002
19.99	20.00	0.011612	54.102
19.99	20.00	0.011629	54.202
19.99	20.00	0.011645	54.302
19.99	20.00	0.011662	54.402
19.99	20.01	0.011679	54.502
19.99	20.01	0.011695	54.602
19.99	20.01	0.011712	54.702
19.99	20.01	0.011729	54.802
19.99	20.01	0.011745	54.902
19.99	20.01	0.011762	55.001
19.99	20.01	0.011779	55.102
19.99	20.01	0.011795	55.202
19.99	20.01	0.011812	55.302
19.99	20.01	0.011829	55.402
19.99	20.01	0.011845	55.502
19.99	20.01	0.011862	55.602
19.99	20.01	0.011879	55.702
19.99	20.00	0.011895	55.802
19.99	20.00	0.011912	55.901
20.01	20.00	0.011929	56.002
20.01	20.00	0.011945	56.102
20.01	20.00	0.011962	56.202
20.01	20.00	0.011979	56.302
20.01	20.00	0.011995	56.402
20.01	19.99	0.012012	56.502
20.01	19.99	0.012029	56.602
20.01	19.99	0.012045	56.702
20.01	19.99	0.012062	56.802
20.01	19.99	0.012078	56.902
20.01	19.99	0.012095	57.002
20.01	19.99	0.012112	57.102
20.01	19.99	0.012128	57.202
20.01	19.99	0.012145	57.302
20.01	19.99	0.012162	57.402
20.01	19.99	0.012178	57.501
20.01	19.99	0.012195	57.602
20.01	19.99	0.012212	57.702
19.99	20.00	0.012228	57.802
19.99	20.00	0.012245	57.902
19.99	20.00	0.012262	58.002
19.99	20.00	0.012278	58.102
19.99	20.00	0.012295	58.226
19.99	20.00	0.012312	58.326
19.99	20.00	0.012328	58.430
19.99	20.00	0.012345	58.525
19.99	20.01	0.012362	58.625
19.99	20.01	0.012378	58.730
19.99	20.01	0.012395	58.824
19.99	20.01	0.012412	58.924
19.99	20.01	0.012428	59.028
19.99	20.01	0.012445	59.123
19.99	20.01	0.012462	59.222
19.99	20.01	0.012478	59.327
19.99	20.01	0.012495	59.421
19.99	20.01	0.012512	59.521
19.99	20.01	0.012528	59.626
19.99	20.01	0.012545	59.720
20.01	20.01	0.012562	59.821
20.01	20.00	0.012578	59.925
20.01	20.00	0.012595	00.019
20.01	20.00	0.012612	00.120
20.01	20.00	0.012628	00.223
20.01	20.00	0.012645	00.318
20.01	20.00	0.012662	00.420
20.01	20.00	0.012678	00.522
20.01	19.99	0.012695	00.617
20.01	19.99	0.012712	00.721
20.01	19.99	0.012728	00.821
20.01	19.99	0.012745	00.916
20.01	19.99	0.012762	01.021
20.01	19.99	0.012778	01.120
20.01	19.99	0.012795	01.215
20.01	19.99	0.012812	01.319
20.01	19.99	0.012828	01.419
20.01	19.99	0.012845	01.513
20.01	19.99	0.012862	01.618
20.01	19.99	0.012878	01.717
20.01	19.99	0.012895	01.812
20.01	20.00	0.012911	01.917
19.99	20.00	0.012928	02.016
19.99	20.00	0.012945	02.111
19.99	20.00	0.012961	02.215
19.99	20.00	0.012978	02.310
19.99	20.00	0.012995	02.409
19.99	20.00	0.013011	02.514
19.99	20.00	0.013028	02.609
19.99	20.01	0.013045	02.709
19.99	20.01	0.013061	02.813
19.99	20.01	0.013078	02.908
19.99	20.01	0.013095	03.007
19.99	20.01	0.013111	03.112
19.99	20.01	0.013128	03.206
19.99	20.01	0.013145	03.306
19.99	20.01	0.013161	03.411
19.99	20.01	0.013178	03.505
19.99	20.01	0.013195	03.605
19.99	20.01	0.013211	03.709
19.99	20.01	0.013228	03.804
19.99	20.01	0.013245	03.904
20.01	20.00	0.013261	04.008
20.01	20.00	0.013278	04.103
20.01	20.00	0.013295	04.204
20.01	20.00	0.013311	04.308
20.01	20.00	0.013328	04.404
20.01	20.00	0.013345	04.504
20.01	20.00	0.013361	04.606
20.01	19.99	0.013378	04.704
20.01	19.99	0.013395	04.803
20.01	19.99	0.013411	04.905
20.01	19.99	0.013428	05.004
20.01	19.99	0.013445	05.104
20.01	19.99	0.013461	05.204
20.01	19.99	0.013478	05.304
20.01	19.99	0.013495	05.404
20.01	19.99	0.013511	05.504
20.01	19.99	0.013528	05.604
20.01	19.99	0.013545	05.703
20.01	19.99	0.013561	05.804
20.01	19.99	0.013578	05.904
19.99	20.00	0.013595	06.004
19.99	20.00	0.013611	06.104
19.99	20.00	0.013628	06.204
19.99	20.00	0.013645	06.304
19.99	20.00	0.013661	06.404
19.99	20.00	0.013678	06.504
19.99	20.00	0.013695	06.603
19.99	20.00	0.013711	06.704
19.99	20.01	0.013728	06.804
19.99	20.01	0.013744	06.904
19.99	20.01	0.013761	07.004
19.99	20.01	0.013778	07.104
19.99	20.01	0.013794	07.204
19.99	20.01	0.013811	07.305
19.99	20.01	0.013828	07.404
19.99	20.01	0.013844	07.505
19.99	20.01	0.013861	07.605
19.99	20.01	0.013878	07.705
19.99	20.01	0.013894	07.805
19.99	20.01	0.013911	07.905
20.01	20.01	0.013928	08.005
20.01	20.00	0.013944	08.105
20.01	20.00	0.013961	08.205
20.01	20.00	0.013978	08.305
20.01	20.00	0.013994	08.405
20.01	20.00	0.014011	08.505
20.01	20.00	0.014028	08.605
20.01	20.00	0.014044	08.705
20.01	19.99	0.014061	08.805
20.01	19.99	0.014078	08.905
20.01	19.99	0.014094	09.004
20.01	19.99	0.014111	09.105
20.01	19.99	0.014128	09.205
20.01	19.99	0.014144	09.305
20.01	19.99	0.014161	09.405
20.01	19.99	0.014178	09.505
20.01	19.99	0.014194	09.605
20.01	19.99	0.014211	09.705
20.01	19.99	0.014228	09.805
20.01	19.99	0.014244	09.904
20.01	19.99	0.014261	10.005
20.01	20.00	0.014278	10.105
20.01	20.00	0.014294	10.229
19.99	20.00	0.014311	10.329
19.99	20.00	0.014328	10.433
19.99	20.00	0.014344	10.528
19.99	20.00	0.014361	10.627
19.99	20.00	0.014378	10.732
19.99	20.00	0.014394	10.826
19.99	20.01	0.014411	10.926
19.99	20.01	0.014428	11.031
19.99	20.01	0.014444	11.126
19.99	20.01	0.014461	11.225
19.99	20.01	0.014478	11.330
19.99	20.01	0.014494	11.424
19.99	20.01	0.014511	11.524
19.99	20.01	0.014528	11.628
19.99	20.01	0.014544	11.723
19.99	20.01	0.014561	11.823
19.99	20.01	0.014577	11.927
19.99	20.01	0.014594	12.022
19.99	20.01	0.014611	12.121
19.99	20.00	0.014627	12.225
19.99	20.00	0.014644	12.321
20.01	20.00	0.014661	12.420
20.01	20.00	0.014677	12.525
20.01	20.00	0.014694	12.620
20.01	20.00	0.014711	12.720
20.01	20.00	0.014727	12.824
20.01	19.99	0.014744	12.918
20.01	19.99	0.014761	13.020
20.01	19.99	0.014777	13.122
20.01	19.99	0.014794	13.217
20.01	19.99	0.014811	13.319
20.01	19.99	0.014827	13.421
20.01	19.99	0.014844	13.516
20.01	19.99	0.014861	13.620
20.01	19.99	0.014877	13.720
20.01	19.99	0.014894	13.815
20.01	19.99	0.014911	13.919
20.01	19.99	0.014927	14.019
20.01	19.99	0.014944	14.114
20.01	20.00	0.014961	14.218
20.01	20.00	0.014977	14.318
19.99	20.00	0.014994	14.412
19.99	20.00	0.015011	14.517
19.99	20.00	0.015027	14.616
19.99	20.00	0.015044	14.711
19.99	20.00	0.015061	14.815
19.99	20.00	0.015077	14.915
19.99	20.01	0.015094	15.010
19.99	20.01	0.015111	15.114
19.99	20.01	0.015127	15.209
19.99	20.01	0.015144	15.308
19.99	20.01	0.015161	15.413
19.99	20.01	0.015177	15.507
19.99	20.01	0.015194	15.607
19.99	20.01	0.015211	15.712
19.99	20.01	0.015227	15.806
19.99	20.01	0.015244	15.906
19.99	20.01	0.015261	16.010
19.99	20.01	0.015277	16.105
20.01	20.01	0.015294	16.205
20.01	20.00	0.015311	16.310
20.01	20.00	0.015327	16.404
20.01	20.00	0.015344	16.505
20.01	20.00	0.015361	16.609
20.01	20.00	0.015377	16.705
20.01	20.00	0.015394	16.805
20.01	20.00	0.015410	16.907
20.01	19.99	0.015427	17.005
20.01	19.99	0.015444	17.105
20.01	19.99	0.015460	17.206
20.01	19.99	0.015477	17.305
20.01	19.99	0.015494	17.405
20.01	19.99	0.015510	17.505
20.01	19.99	0.015527	17.605
20.01	19.99	0.015544	17.705
20.01	19.99	0.015560	17.805
20.01	19.99	0.015577	17.905
20.01	19.99	0.015594	18.004
20.01	19.99	0.015610	18.104
20.01	19.99	0.015627	18.205
19.99	20.00	0.015644	18.305
19.99	20.00	0.015660	18.405
19.99	20.00	0.015677	18.505
19.99	20.00	0.015694	18.605
19.99	20.00	0.015710	18.705
19.99	20.00	0.015727	18.805
19.99	20.00	0.015744	18.904
19.99	20.00	0.015760	19.005
19.99	20.01	0.015777	19.105
19.99	20.01	0.015794	19.205
19.99	20.01	0.015810	19.305
19.99	20.01	0.015827	19.405
19.99	20.01	0.015844	19.505
19.99	20.01	0.015860	19.604
19.99	20.01	0.015877	19.705
19.99	20.01	0.015894	19.805
19.99	20.01	0.015910	19.905
19.99	20.01	0.015927	20.005
19.99	20.01	0.015944	20.105
20.01	20.01	0.015960	20.205
20.01	20.01	0.015977	20.306
20.01	20.00	0.015994	20.406
20.01	20.00	0.016010	20.506
20.01	20.00	0.016027	20.606
20.01	20.00	0.016044	20.706
20.01	20.00	0.016060	20.806
20.01	20.00	0.016077	20.906
20.01	20.00	0.016094	21.005
20.01	19.99	0.016110	21.106
20.01	19.99	0.016127	21.206
20.01	19.99	0.016144	21.306
20.01	19.99	0.016160	21.407
20.01	19.99	0.016177	21.507
20.01	19.99	0.016194	21.607
20.01	19.99	0.016210	21.707
20.01	19.99	0.016227	21.807
20.01	19.99	0.016244	21.906
20.01	19.99	0.016260	22.007
20.01	19.99	0.016277	22.107
20.01	19.99	0.016293	22.206
20.01	19.99	0.016310	22.306
19.99	20.00	0.016327	22.435
19.99	20.00	0.016343	22.535
19.99	20.00	0.016360	22.629
19.99	20.00	0.016377	22.734
19.99	20.00	0.016393	22.829
19.99	20.00	0.016410	22.929
19.99	20.00	0.016427	23.034
19.99	20.00	0.016443	23.128
19.99	20.01	0.016460	23.228
19.99	20.01	0.016477	23.332
19.99	20.01	0.016493	23.427
19.99	20.01	0.016510	23.526
19.99	20.01	0.016527	23.631
19.99	20.01	0.016543	23.725
19.99	20.01	0.016560	23.825
19.99	20.01	0.016577	23.930
19.99	20.01	0.016593	24.024
19.99	20.01	0.016610	24.124
19.99	20.01	0.016627	24.228
19.99	20.01	0.016643	24.323
19.99	20.01	0.016660	24.422
19.99	20.00	0.016677	24.527
20.01	20.00	0.016693	24.622
20.01	20.00	0.016710	24.721
20.01	20.00	0.016727	24.826
20.01	20.00	0.016743	24.920
20.01	20.00	0.016760	25.021
20.01	20.00	0.016777	25.125
20.01	19.99	0.016793	25.220
20.01	19.99	0.016810	25.319
20.01	19.99	0.016827	25.424
20.01	19.99	0.016843	25.519
20.01	19.99	0.016860	25.619
20.01	19.99	0.016877	25.723
20.01	19.99	0.016893	25.817
20.01	19.99	0.016910	25.919
20.01	19.99	0.016927	26.021
20.01	19.99	0.016943	26.116
20.01	19.99	0.016960	26.219
20.01	19.99	0.016977	26.320
20.01	19.99	0.016993	26.415
20.01	20.00	0.017010	26.518
20.01	20.00	0.017027	26.619
19.99	20.00	0.017043	26.713
19.99	20.00	0.017060	26.818
19.99	20.00	0.017077	26.917
19.99	20.00	0.017093	27.012
19.99	20.00	0.017110	27.117
19.99	20.00	0.017126	27.216
19.99	20.01	0.017143	27.311
19.99	20.01	0.017160	27.415
19.99	20.01	0.017176	27.515
19.99	20.01	0.017193	27.609
19.99	20.01	0.017210	27.714
19.99	20.01	0.017226	27.814
19.99	20.01	0.017243	27.909
19.99	20.01	0.017260	28.014
19.99	20.01	0.017276	28.108
19.99	20.01	0.017293	28.208
19.99	20.01	0.017310	28.312
19.99	20.01	0.017326	28.408
19.99	20.01	0.017343	28.507
20.01	20.00	0.017360	28.611
20.01	20.00	0.017376	28.708
20.01	20.00	0.017393	28.808
20.01	20.00	0.017410	28.910
20.01	20.00	0.017426	29.008
20.01	20.00	0.017443	29.108
20.01	20.00	0.017460	29.208
20.01	19.99	0.017476	29.308
20.01	19.99	0.017493	29.407
20.01	19.99	0.017510	29.508
20.01	19.99	0.017526	29.608
20.01	19.99	0.017543	29.708
20.01	19.99	0.017560	29.808
20.01	19.99	0.017576	29.908
20.01	19.99	0.017593	30.008
20.01	19.99	0.017610	30.107
20.01	19.99	0.017626	30.208
20.01	19.99	0.017643	30.308
20.01	19.99	0.017660	30.408
20.01	19.99	0.017676	30.508
20.01	20.00	0.017693	30.608
19.99	20.00	0.017710	30.708
19.99	20.00	0.017726	30.807
19.99	20.00	0.017743	30.908
19.99	20.00	0.017760	31.008
19.99	20.00	0.017776	31.108
19.99	20.00	0.017793	31.208
19.99	20.00	0.017810	31.308
19.99	20.01	0.017826	31.408
19.99	20.01	0.017843	31.508
19.99	20.01	0.017860	31.608
19.99	20.01	0.017876	31.707
19.99	20.01	0.017893	31.808
19.99	20.01	0.017910	31.908
19.99	20.01	0.017926	32.008
19.99	20.01	0.017943	32.108
19.99	20.01	0.017959	32.208
19.99	20.01	0.017976	32.308
19.99	20.01	0.017993	32.408
19.99	20.01	0.018009	32.508
19.99	20.01	0.018026	32.607
19.99	20.00	0.018043	32.708
20.01	20.00	0.018059	32.808
20.01	20.00	0.018076	32.908
20.01	20.00	0.018093	33.008
20.01	20.00	0.018109	33.108
20.01	20.00	0.018126	33.208
20.01	20.00	0.018143	33.308
20.01	19.99	0.018159	33.408
20.01	19.99	0.018176	33.508
20.01	19.99	0.018193	33.608
20.01	19.99	0.018209	33.708
20.01	19.99	0.018226	33.808
20.01	19.99	0.018243	33.908
20.01	19.99	0.018259	34.008
20.01	19.99	0.018276	34.108
20.01	19.99	0.018293	34.207
20.01	19.99	0.018309	34.308
20.01	19.99	0.018326	34.408
20.01	19.99	0.018343	34.508
20.01	19.99	0.018359	34.608
20.01	20.00	0.018376	34.707
20.01	20.00	0.018393	34.836
19.99	20.00	0.018409	34.931
19.99	20.00	0.018426	35.035
19.99	20.00	0.018443	35.135
19.99	20.00	0.018459	35.229
19.99	20.00	0.018476	35.334
19.99	20.00	0.018493	35.434
19.99	20.01	0.018509	35.528
19.99	20.01	0.018526	35.634
19.99	20.01	0.018543	35.728
19.99	20.01	0.018559	35.828
19.99	20.01	0.018576	35.932
19.99	20.01	0.018593	36.027
19.99	20.01	0.018609	36.127
19.99	20.01	0.018626	36.231
19.99	20.01	0.018643	36.326
19.99	20.01	0.018659	36.425
19.99	20.01	0.018676	36.530
20.01	20.01	0.018693	36.624
20.01	20.01	0.018709	36.724
20.01	20.00	0.018726	36.828
20.01	20.00	0.018743	36.923
20.01	20.00	0.018759	37.023
20.01	20.00	0.018776	37.127
20.01	20.00	0.018792	37.222
20.01	20.00	0.018809	37.321
20.01	20.00	0.018826	37.426
20.01	19.99	0.018842	37.521
20.01	19.99	0.018859	37.621
20.01	19.99	0.018876	37.725
20.01	19.99	0.018892	37.820
20.01	19.99	0.018909	37.920
20.01	19.99	0.018926	38.024
20.01	19.99	0.018942	38.119
20.01	19.99	0.018959	38.218
20.01	19.99	0.018976	38.323
20.01	19.99	0.018992	38.417
20.01	19.99	0.019009	38.518
20.01	19.99	0.019026	38.622
20.01	19.99	0.019042	38.716
19.99	20.00	0.019059	38.818
19.99	20.00	0.019076	38.920
19.99	20.00	0.019092	39.015
19.99	20.00	0.019109	39.117
19.99	20.00	0.019126	39.219
19.99	20.00	0.019142	39.313
19.99	20.00	0.019159	39.418
19.99	20.00	0.019176	39.518
19.99	20.01	0.019192	39.612
19.99	20.01	0.019209	39.717
19.99	20.01	0.019226	39.816
19.99	20.01	0.019242	39.911
19.99	20.01	0.019259	40.015
19.99	20.01	0.019276	40.115
19.99	20.01	0.019292	40.210
19.99	20.01	0.019309	40.314
19.99	20.01	0.019326	40.415
19.99	20.01	0.019342	40.509
19.99	20.01	0.019359	40.614
19.99	20.01	0.019376	40.713
19.99	20.01	0.019392	40.809
19.99	20.00	0.019409	40.912
19.99	20.00	0.019426	41.013
20.01	20.00	0.019442	41.109
20.01	20.00	0.019459	41.211
20.01	20.00	0.019476	41.313
20.01	20.00	0.019492	41.409
20.01	20.00	0.019509	41.510
20.01	19.99	0.019526	41.613
20.01	19.99	0.019542	41.709
20.01	19.99	0.019559	41.808
20.01	19.99	0.019576	41.913
20.01	19.99	0.019592	42.009
20.01	19.99	0.019609	42.109
20.01	19.99	0.019625	42.213
20.01	19.99	0.019642	42.309
20.01	19.99	0.019659	42.409
20.01	19.99	0.019675	42.513
20.01	19.99	0.019692	42.609
20.01	19.99	0.019709	42.709
20.01	19.99	0.019725	42.813
20.01	20.00	0.019742	42.909
20.01	20.00	0.019759	43.009
19.99	20.00	0.019775	43.113
19.99	20.00	0.019792	43.209
19.99	20.00	0.019809	43.308
19.99	20.00	0.019825	43.413
19.99	20.00	0.019842	43.509
19.99	20.00	0.019859	43.609
19.99	20.01	0.019875	43.713
19.99	20.01	0.019892	43.809
19.99	20.01	0.019909	43.909
19.99	20.01	0.019925	44.013
19.99	20.01	0.019942	44.109
19.99	20.01	0.019959	44.208
19.99	20.01	0.019975	44.313
19.99	20.01	0.019992	44.409
19.99	20.01	0.020009	44.509
19.99	20.01	0.020025	44.613
19.99	20.01	0.020042	44.709
19.99	20.01	0.020059	44.809
19.99	20.01	0.020075	44.913
20.01	20.00	0.020092	45.009
20.01	20.00	0.020109	45.108
20.01	20.00	0.020125	45.213
20.01	20.00	0.020142	45.309
20.01	20.00	0.020159	45.409
20.01	20.00	0.020175	45.513
20.01	20.00	0.020192	45.609
20.01	19.99	0.020209	45.709
20.01	19.99	0.020225	45.813
20.01	19.99	0.020242	45.909
20.01	19.99	0.020259	46.009
20.01	19.99	0.020275	46.113
20.01	19.99	0.020292	46.209
20.01	19.99	0.020309	46.309
20.01	19.99	0.020325	46.413
20.01	19.99	0.020342	46.509
20.01	19.99	0.020359	46.609
20.01	19.99	0.020375	46.712
20.01	19.99	0.020392	46.809
19.99	19.99	0.020409	46.909
19.99	20.00	0.020425	47.013
19.99	20.00	0.020442	47.108
19.99	20.00	0.020458	47.232
19.99	20.00	0.020475	47.337
19.99	20.00	0.020492	47.436
19.99	20.00	0.020508	47.531
19.99	20.00	0.020525	47.635
19.99	20.00	0.020542	47.735
19.99	20.01	0.020558	47.830
19.99	20.01	0.020575	47.935
19.99	20.01	0.020592	48.035
19.99	20.01	0.020608	48.129
19.99	20.01	0.020625	48.234
19.99	20.01	0.020642	48.333
19.99	20.01	0.020658	48.428
19.99	20.01	0.020675	48.532
19.99	20.01	0.020692	48.627
19.99	20.01	0.020708	48.727
19.99	20.01	0.020725	48.831
19.99	20.01	0.020742	48.926
20.01	20.01	0.020758	49.025
20.01	20.00	0.020775	49.130
20.01	20.00	0.020792	49.224
20.01	20.00	0.020808	49.324
20.01	20.00	0.020825	49.428
20.01	20.00	0.020842	49.523
20.01	20.00	0.020858	49.623
20.01	20.00	0.020875	49.727
20.01	19.99	0.020892	49.822
20.01	19.99	0.020908	49.922
20.01	19.99	0.020925	50.026
20.01	19.99	0.020942	50.121
20.01	19.99	0.020958	50.221
20.01	19.99	0.020975	50.325
20.01	19.99	0.020992	50.420
20.01	19.99	0.021008	50.520
20.01	19.99	0.021025	50.624
20.01	19.99	0.021042	50.719
20.01	19.99	0.021058	50.818
20.01	19.99	0.021075	50.923
20.01	19.99	0.021092	51.017
20.01	20.00	0.021108	51.117
20.01	20.00	0.021125	51.222
20.01	20.00	0.021142	51.316
20.01	20.00	0.021158	51.417
20.01	20.00	0.021175	51.520
19.99	20.00	0.021192	51.615
19.99	20.00	0.021208	51.717
19.99	20.00	0.021225	51.819
19.99	20.01	0.021242	51.913
19.99	20.01	0.021258	52.017
19.99	20.01	0.021275	52.118
19.99	20.01	0.021291	52.212
19.99	20.01	0.021308	52.317
19.99	20.01	0.021325	52.416
19.99	20.01	0.021341	52.511
19.99	20.01	0.021358	52.615
19.99	20.01	0.021375	52.715
19.99	20.01	0.021391	52.810
19.99	20.01	0.021408	52.915
19.99	20.01	0.021425	53.015
19.99	20.01	0.021441	53.110
19.99	20.00	0.021458	53.214
19.99	20.00	0.021475	53.313
20.01	20.00	0.021491	53.410
20.01	20.00	0.021508	53.512
20.01	20.00	0.021525	53.612
20.01	20.00	0.021541	53.710
20.01	20.00	0.021558	53.812
20.01	19.99	0.021575	53.912
20.01	19.99	0.021591	54.010
20.01	19.99	0.021608	54.110
20.01	19.99	0.021625	54.212
20.01	19.99	0.021641	54.309
20.01	19.99	0.021658	54.410
20.01	19.99	0.021675	54.513
20.01	19.99	0.021691	54.610
20.01	19.99	0.021708	54.710
20.01	19.99	0.021725	54.813
20.01	19.99	0.021741	54.910
20.01	19.99	0.021758	55.010
19.99	19.99	0.021775	55.112
19.99	20.00	0.021791	55.209
19.99	20.00	0.021808	55.310
19.99	20.00	0.021825	55.413
19.99	20.00	0.021841	55.510
19.99	20.00	0.021858	55.610
19.99	20.00	0.021875	55.712
19.99	20.00	0.021891	55.810
19.99	20.00	0.021908	55.909
19.99	20.01	0.021925	56.012
19.99	20.01	0.021941	56.110
19.99	20.01	0.021958	56.210
19.99	20.01	0.021975	56.313
19.99	20.01	0.021991	56.410
19.99	20.01	0.022008	56.510
19.99	20.01	0.022025	56.612
19.99	20.01	0.022041	56.710
19.99	20.01	0.022058	56.810
19.99	20.01	0.022075	56.912
19.99	20.01	0.022091	57.010
19.99	20.01	0.022108	57.110
19.99	20.01	0.022124	57.212
19.99	20.00	0.022141	57.310
19.99	20.00	0.022158	57.410
20.01	20.00	0.022174	57.512
20.01	20.00	0.022191	57.610
20.01	20.00	0.022208	57.710
20.01	20.00	0.022224	57.812
20.01	20.00	0.022241	57.910
20.01	19.99	0.022258	58.010
20.01	19.99	0.022274	58.112
20.01	19.99	0.022291	58.210
20.01	19.99	0.022308	58.312
20.01	19.99	0.022324	58.412
20.01	19.99	0.022341	58.512
20.01	19.99	0.022358	58.612
20.01	19.99	0.022374	58.713
20.01	19.99	0.022391	58.812
20.01	19.99	0.022408	58.911
20.01	19.99	0.022424	59.012
20.01	19.99	0.022441	59.141
20.01	19.99	0.022458	59.235
19.99	20.00	0.022474	59.312
19.99	20.00	0.022491	59.439
19.99	20.00	0.022508	59.534
19.99	20.00	0.022524	59.612
19.99	20.00	0.022541	59.738
19.99	20.00	0.022558	59.833
19.99	20.00	0.022574	59.911
19.99	20.00	0.022591	00.037
19.99	20.01	0.022608	00.131
19.99	20.01	0.022624	00.236
19.99	20.01	0.022641	00.336
19.99	20.01	0.022658	00.430
19.99	20.01	0.022674	00.535
19.99	20.01	0.022691	00.634
19.99	20.01	0.022708	00.729
19.99	20.01	0.022724	00.833
19.99	20.01	0.022741	00.933
19.99	20.01	0.022758	01.027
19.99	20.01	0.022774	01.132
20.01	20.01	0.022791	01.232
20.01	20.01	0.022808	01.326
20.01	20.00	0.022824	01.432
20.01	20.00	0.022841	01.525
20.01	20.00	0.022858	01.626
20.01	20.00	0.022874	01.730
20.01	20.00	0.022891	01.824
20.01	20.00	0.022908	01.924
20.01	20.00	0.022924	02.029
20.01	19.99	0.022941	02.123
20.01	19.99	0.022957	02.223
20.01	19.99	0.022974	02.327
20.01	19.99	0.022991	02.422
20.01	19.99	0.023007	02.521
20.01	19.99	0.023024	02.627
20.01	19.99	0.023041	02.722
20.01	19.99	0.023057	02.821
20.01	19.99	0.023074	02.926
20.01	19.99	0.023091	03.020
20.01	19.99	0.023107	03.120
20.01	19.99	0.023124	03.224
20.01	19.99	0.023141	03.319
20.01	20.00	0.023157	03.418
20.01	20.00	0.023174	03.523
20.01	20.00	0.023191	03.618
19.99	20.00	0.023207	03.717
19.99	20.00	0.023224	03.822
19.99	20.00	0.023241	03.916
19.99	20.00	0.023257	04.016
19.99	20.00	0.023274	04.120
19.99	20.01	0.023291	04.215
19.99	20.01	0.023307	04.316
19.99	20.01	0.023324	04.419
19.99	20.01	0.023341	04.514
19.99	20.01	0.023357	04.616
19.99	20.01	0.023374	04.718
19.99	20.01	0.023391	04.813
19.99	20.01	0.023407	04.916
19.99	20.01	0.023424	05.017
19.99	20.01	0.023441	05.111
19.99	20.01	0.023457	05.216
19.99	20.01	0.023474	05.316
19.99	20.01	0.023491	05.412
19.99	20.00	0.023507	05.515
20.01	20.00	0.023524	05.614
20.01	20.00	0.023541	05.712
20.01	20.00	0.023557	05.813
20.01	20.00	0.023574	05.913
20.01	20.00	0.023591	06.011
20.01	20.00	0.023607	06.113
20.01	19.99	0.023624	06.213
20.01	19.99	0.023641	06.312
20.01	19.99	0.023657	06.412
20.01	19.99	0.023674	06.512
20.01	19.99	0.023691	06.612
20.01	19.99	0.023707	06.712
20.01	19.99	0.023724	06.812
20.01	19.99	0.023741	06.912
20.01	19.99	0.023757	07.012
20.01	19.99	0.023774	07.112
20.01	19.99	0.023790	07.212
20.01	19.99	0.023807	07.312
20.01	19.99	0.023824	07.412
19.99	20.00	0.023840	07.512
19.99	20.00	0.023857	07.611
19.99	20.00	0.023874	07.712
19.99	20.00	0.023890	07.812
19.99	20.00	0.023907	07.912
19.99	20.00	0.023924	08.012
19.99	20.00	0.023940	08.118
19.99	20.00	0.023957	08.219
19.99	20.01	0.023974	08.319
19.99	20.01	0.023990	08.419
19.99	20.01	0.024007	08.518
19.99	20.01	0.024024	08.619
19.99	20.01	0.024040	08.719
19.99	20.01	0.024057	08.819
19.99	20.01	0.024074	08.919
19.99	20.01	0.024090	09.019
19.99	20.01	0.024107	09.119
19.99	20.01	0.024124	09.219
19.99	20.01	0.024140	09.319
19.99	20.01	0.024157	09.418
19.99	20.01	0.024174	09.519
20.01	20.00	0.024190	09.619
20.01	20.00	0.024207	09.718
20.01	20.00	0.024224	09.818
20.01	20.00	0.024240	09.948
20.01	20.00	0.024257	10.042
20.01	20.00	0.024274	10.142
20.01	20.00	0.024290	10.247
20.01	19.99	0.024307	10.341
20.01	19.99	0.024324	10.441
20.01	19.99	0.024340	10.546
20.01	19.99	0.024357	10.640
20.01	19.99	0.024374	10.740
20.01	19.99	0.024390	10.844
20.01	19.99	0.024407	10.939
20.01	19.99	0.024424	11.038
20.01	19.99	0.024440	11.143
20.01	19.99	0.024457	11.237
20.01	19.99	0.024474	11.337
20.01	19.99	0.024490	11.442
20.01	19.99	0.024507	11.536
20.01	20.00	0.024524	11.636
20.01	20.00	0.024540	11.740
20.01	20.00	0.024557	11.835
19.99	20.00	0.024574	11.935
19.99	20.00	0.024590	12.039
19.99	20.00	0.024607	12.134
19.99	20.00	0.024623	12.236
19.99	20.00	0.024640	12.338
19.99	20.01	0.024657	12.432
19.99	20.01	0.024673	12.536
19.99	20.01	0.024690	12.636
19.99	20.01	0.024707	12.732
19.99	20.01	0.024723	12.835
19.99	20.01	0.024740	12.936
19.99	20.01	0.024757	13.031
19.99	20.01	0.024773	13.135
19.99	20.01	0.024790	13.235
19.99	20.01	0.024807	13.329
19.99	20.01	0.024823	13.434
19.99	20.01	0.024840	13.533
19.99	20.01	0.024857	13.628
19.99	20.00	0.024873	13.732
20.01	20.00	0.024890	13.832
20.01	20.00	0.024907	13.927
20.01	20.00	0.024923	14.031
20.01	20.00	0.024940	14.131
20.01	20.00	0.024957	14.225
20.01	20.00	0.024973	14.330
20.01	19.99	0.024990	14.424
20.01	19.99	0.025007	14.524
20.01	19.99	0.025023	14.629
20.01	19.99	0.025040	14.723
20.01	19.99	0.025057	14.823
20.01	19.99	0.025073	14.927
20.01	19.99	0.025090	15.022
20.01	19.99	0.025107	15.122
20.01	19.99	0.025123	15.227
20.01	19.99	0.025140	15.321
20.01	19.99	0.025157	15.421
20.01	19.99	0.025173	15.526
20.01	19.99	0.025190	15.621
20.01	20.00	0.025207	15.721
20.01	20.00	0.025223	15.824
20.01	20.00	0.025240	15.921
19.99	20.00	0.025257	16.020
19.99	20.00	0.025273	16.123
19.99	20.00	0.025290	16.221
19.99	20.00	0.025307	16.321
19.99	20.00	0.025323	16.422
19.99	20.01	0.025340	16.521
19.99	20.01	0.025357	16.621
19.99	20.01	0.025373	16.721
19.99	20.01	0.025390	16.821
19.99	20.01	0.025407	16.920
19.99	20.01	0.025423	17.021
19.99	20.01	0.025440	17.121
19.99	20.01	0.025456	17.221
19.99	20.01	0.025473	17.321
19.99	20.01	0.025490	17.421
19.99	20.01	0.025506	17.521
19.99	20.01	0.025523	17.621
19.99	20.01	0.025540	17.721
20.01	20.00	0.025556	17.820
20.01	20.00	0.025573	17.921
20.01	20.00	0.025590	18.021
20.01	20.00	0.025606	18.121
20.01	20.00	0.025623	18.221
20.01	20.00	0.025640	18.321
20.01	20.00	0.025656	18.421
20.01	19.99	0.025673	18.521
20.01	19.99	0.025690	18.621
20.01	19.99	0.025706	18.720
20.01	19.99	0.025723	18.821
20.01	19.99	0.025740	18.921
20.01	19.99	0.025756	19.021
20.01	19.99	0.025773	19.121
20.01	19.99	0.025790	19.221
20.01	19.99	0.025806	19.321
20.01	19.99	0.025823	19.420
20.01	19.99	0.025840	19.521
20.01	19.99	0.025856	19.621
20.01	19.99	0.025873	19.721
20.01	20.00	0.025890	19.821
20.01	20.00	0.025906	19.921
19.99	20.00	0.025923	20.021
19.99	20.00	0.025940	20.121
19.99	20.00	0.025956	20.222
19.99	20.00	0.025973	20.321
19.99	20.00	0.025990	20.422
19.99	20.00	0.026006	20.522
19.99	20.01	0.026023	20.622
19.99	20.01	0.026040	20.722
19.99	20.01	0.026056	20.822
19.99	20.01	0.026073	20.922
19.99	20.01	0.026090	21.022
19.99	20.01	0.026106	21.122
19.99	20.01	0.026123	21.221
19.99	20.01	0.026140	21.322
19.99	20.01	0.026156	21.422
19.99	20.01	0.026173	21.522
19.99	20.01	0.026190	21.622
19.99	20.01	0.026206	21.751
19.99	20.01	0.026223	21.846
19.99	20.00	0.026240	21.950
20.01	20.00	0.026256	22.045
20.01	20.00	0.026273	22.144
20.01	20.00	0.026289	22.249
20.01	20.00	0.026306	22.344
20.01	20.00	0.026323	22.443
20.01	20.00	0.026339	22.548
20.01	19.99	0.026356	22.642
20.01	19.99	0.026373	22.742
20.01	19.99	0.026389	22.846
20.01	19.99	0.026406	22.941
20.01	19.99	0.026423	23.040
20.01	19.99	0.026439	23.145
20.01	19.99	0.026456	23.240
20.01	19.99	0.026473	23.339
20.01	19.99	0.026489	23.444
20.01	19.99	0.026506	23.538
20.01	19.99	0.026523	23.638
20.01	19.99	0.026539	23.742
20.01	19.99	0.026556	23.837
20.01	20.00	0.026573	23.937
20.01	20.00	0.026589	24.041
20.01	20.00	0.026606	24.137
19.99	20.00	0.026623	24.237
19.99	20.00	0.026639	24.340
19.99	20.00	0.026656	24.437
19.99	20.00	0.026673	24.537
19.99	20.00	0.026689	24.639
19.99	20.01	0.026706	24.737
19.99	20.01	0.026723	24.837
19.99	20.01	0.026739	24.938
19.99	20.01	0.026756	25.036
19.99	20.01	0.026773	25.137
19.99	20.01	0.026789	25.237
19.99	20.01	0.026806	25.337
19.99	20.01	0.026823	25.437
19.99	20.01	0.026839	25.537
19.99	20.01	0.026856	25.637
19.99	20.01	0.026873	25.737
19.99	20.01	0.026889	25.837
19.99	20.01	0.026906	25.936
19.99	20.00	0.026923	26.037
20.01	20.00	0.026939	26.137
20.01	20.00	0.026956	26.237
20.01	20.00	0.026973	26.337
20.01	20.00	0.026989	26.437
20.01	20.00	0.027006	26.537
20.01	20.00	0.027023	26.637
20.01	19.99	0.027039	26.737
20.01	19.99	0.027056	26.837
20.01	19.99	0.027073	26.937
20.01	19.99	0.027089	27.037
20.01	19.99	0.027106	27.137
20.01	19.99	0.027122	27.237
20.01	19.99	0.027139	27.337
20.01	19.99	0.027156	27.437
20.01	19.99	0.027172	27.536
20.01	19.99	0.027189	27.637
20.01	19.99	0.027206	27.737
20.01	19.99	0.027222	27.837
20.01	19.99	0.027239	27.937
20.01	20.00	0.027256	28.037
20.01	20.00	0.027272	28.138
19.99	20.00	0.027289	28.238
19.99	20.00	0.027306	28.338
19.99	20.00	0.027322	28.437
19.99	20.00	0.027339	28.538
19.99	20.00	0.027356	28.638
19.99	20.00	0.027372	28.738
19.99	20.01	0.027389	28.838
19.99	20.01	0.027406	28.938
19.99	20.01	0.027422	29.038
19.99	20.01	0.027439	29.138
19.99	20.01	0.027456	29.238
19.99	20.01	0.027472	29.338
19.99	20.01	0.027489	29.438
19.99	20.01	0.027506	29.538
19.99	20.01	0.027522	29.638
19.99	20.01	0.027539	29.738
19.99	20.01	0.027556	29.838
19.99	20.01	0.027572	29.937
19.99	20.01	0.027589	30.038
19.99	20.00	0.027606	30.138
19.99	20.00	0.027622	30.237
20.01	20.00	0.027639	30.337
20.01	20.00	0.027656	30.466
20.01	20.00	0.027672	30.561
20.01	20.00	0.027689	30.660
20.01	20.00	0.027706	30.765
20.01	19.99	0.027722	30.859
20.01	19.99	0.027739	30.959
20.01	19.99	0.027756	31.063
20.01	19.99	0.027772	31.158
20.01	19.99	0.027789	31.259
20.01	19.99	0.027806	31.363
20.01	19.99	0.027822	31.458
20.01	19.99	0.027839	31.557
20.01	19.99	0.027856	31.662
20.01	19.99	0.027872	31.756
20.01	19.99	0.027889	31.856
20.01	19.99	0.027906	31.961
20.01	19.99	0.027922	32.055
20.01	20.00	0.027939	32.155
20.01	20.00	0.027955	32.259
19.99	20.00	0.027972	32.354
19.99	20.00	0.027989	32.454
19.99	20.00	0.028005	32.558
19.99	20.00	0.028022	32.652
19.99	20.00	0.028039	32.754
19.99	20.00	0.028055	32.857
19.99	20.01	0.028072	32.951
19.99	20.01	0.028089	33.054
19.99	20.01	0.028105	33.155
19.99	20.01	0.028122	33.250
19.99	20.01	0.028139	33.354
19.99	20.01	0.028155	33.454
19.99	20.01	0.028172	33.549
19.99	20.01	0.028189	33.653
19.99	20.01	0.028205	33.753
19.99	20.01	0.028222	33.847
19.99	20.01	0.028239	33.953
19.99	20.01	0.028255	34.052
20.01	20.01	0.028272	34.147
20.01	20.00	0.028289	34.251
20.01	20.00	0.028305	34.351
20.01	20.00	0.028322	34.446
20.01	20.00	0.028339	34.550
20.01	20.00	0.028355	34.650
20.01	20.00	0.028372	34.744
20.01	20.00	0.028389	34.849
20.01	19.99	0.028405	34.943
20.01	19.99	0.028422	35.043
20.01	19.99	0.028439	35.147
20.01	19.99	0.028455	35.242
20.01	19.99	0.028472	35.342
20.01	19.99	0.028489	35.446
20.01	19.99	0.028505	35.541
20.01	19.99	0.028522	35.641
20.01	19.99	0.028539	35.745
20.01	19.99	0.028555	35.840
20.01	19.99	0.028572	35.941
20.01	19.99	0.028589	36.044
20.01	19.99	0.028605	36.141
19.99	20.00	0.028622	36.241
19.99	20.00	0.028639	36.342
19.99	20.00	0.028655	36.441
19.99	20.00	0.028672	36.541
19.99	20.00	0.028689	36.642
19.99	20.00	0.028705	36.740
19.99	20.00	0.028722	36.841
19.99	20.00	0.028739	36.941
19.99	20.01	0.028755	37.041
19.99	20.01	0.028772	37.141
19.99	20.01	0.028788	37.241
19.99	20.01	0.028805	37.341
19.99	20.01	0.028822	37.441
19.99	20.01	0.028838	37.541
19.99	20.01	0.028855	37.641
19.99	20.01	0.028872	37.741
19.99	20.01	0.028888	37.841
19.99	20.01	0.028905	37.941
20.01	20.01	0.028922	38.041
20.01	20.01	0.028938	38.141
20.01	20.01	0.028955	38.241
20.01	20.00	0.028972	38.340
20.01	20.00	0.028988	38.441
20.01	20.00	0.029005	38.541
20.01	20.00	0.029022	38.641
20.01	20.00	0.029038	38.741
20.01	20.00	0.029055	38.841
20.01	20.00	0.029072	38.941
20.01	19.99	0.029088	39.041
20.01	19.99	0.029105	39.141
20.01	19.99	0.029122	39.240
20.01	19.99	0.029138	39.341
20.01	19.99	0.029155	39.441
20.01	19.99	0.029172	39.541
20.01	19.99	0.029188	39.641
20.01	19.99	0.029205	39.741
20.01	19.99	0.029222	39.841
20.01	19.99	0.029238	39.941
20.01	19.99	0.029255	40.041
20.01	19.99	0.029272	40.141
20.01	19.99	0.029288	40.241
20.01	20.00	0.029305	40.341
20.01	20.00	0.029322	40.441
19.99	20.00	0.029338	40.541
19.99	20.00	0.029355	40.641
19.99	20.00	0.029372	40.741
19.99	20.00	0.029388	40.840
19.99	20.00	0.029405	40.941
19.99	20.00	0.029422	41.041
19.99	20.01	0.029438	41.141
19.99	20.01	0.029455	41.241
19.99	20.01	0.029472	41.341
19.99	20.01	0.029488	41.441
19.99	20.01	0.029505	41.541
19.99	20.01	0.029522	41.641
19.99	20.01	0.029538	41.740
19.99	20.01	0.029555	41.841
19.99	20.01	0.029572	41.941
19.99	20.01	0.029588	42.040
19.99	20.01	0.029605	42.140
19.99	20.01	0.029621	42.269
19.99	20.01	0.029638	42.364
19.99	20.00	0.029655	42.468
19.99	20.00	0.029671	42.563
19.99	20.00	0.029688	42.663
20.01	20.00	0.029705	42.768
20.01	20.00	0.029721	42.863
20.01	20.00	0.029738	42.962
20.01	20.00	0.029755	43.067
20.01	19.99	0.029771	43.161
20.01	19.99	0.029788	43.261
20.01	19.99	0.029805	43.365
20.01	19.99	0.029821	43.460
20.01	19.99	0.029838	43.559
20.01	19.99	0.029855	43.664
20.01	19.99	0.029871	43.759
20.01	19.99	0.029888	43.858
20.01	19.99	0.029905	43.963
20.01	19.99	0.029921	44.057
20.01	19.99	0.029938	44.157
20.01	19.99	0.029955	44.261
20.01	19.99	0.029971	44.356
20.01	20.00	0.029988	44.455
20.01	20.00	0.030005	44.560
19.99	20.00	0.030021	44.655
19.99	20.00	0.030038	44.754
19.99	20.00	0.030055	44.859
19.99	20.00	0.030071	44.953
19.99	20.00	0.030088	45.053
19.99	20.00	0.030105	45.158
19.99	20.01	0.030121	45.253
19.99	20.01	0.030138	45.354
19.99	20.01	0.030155	45.457
19.99	20.01	0.030171	45.552
19.99	20.01	0.030188	45.653
19.99	20.01	0.030205	45.756
19.99	20.01	0.030221	45.850
19.99	20.01	0.030238	45.953
19.99	20.01	0.030255	46.054
19.99	20.01	0.030271	46.149
19.99	20.01	0.030288	46.253
19.99	20.01	0.030305	46.353
19.99	20.01	0.030321	46.447
20.01	20.00	0.030338	46.553
20.01	20.00	0.030355	46.652
20.01	20.00	0.030371	46.747
20.01	20.00	0.030388	46.851
20.01	20.00	0.030405	46.951
20.01	20.00	0.030421	47.046
20.01	20.00	0.030438	47.150
20.01	19.99	0.030454	47.250
20.01	19.99	0.030471	47.344
20.01	19.99	0.030488	47.449
20.01	19.99	0.030504	47.549
20.01	19.99	0.030521	47.644
20.01	19.99	0.030538	47.748
20.01	19.99	0.030554	47.843
20.01	19.99	0.030571	47.942
20.01	19.99	0.030588	48.047
20.01	19.99	0.030604	48.141
20.01	19.99	0.030621	48.241
20.01	19.99	0.030638	48.345
20.01	19.99	0.030654	48.441
20.01	20.00	0.030671	48.541
19.99	20.00	0.030688	48.644
19.99	20.00	0.030704	48.741
19.99	20.00	0.030721	48.841
19.99	20.00	0.030738	48.943
19.99	20.00	0.030754	49.041
19.99	20.00	0.030771	49.141
19.99	20.00	0.030788	49.241
19.99	20.01	0.030804	49.341
19.99	20.01	0.030821	49.441
19.99	20.01	0.030838	49.541
19.99	20.01	0.030854	49.641
19.99	20.01	0.030871	49.741
19.99	20.01	0.030888	49.841
19.99	20.01	0.030904	49.940
19.99	20.01	0.030921	50.041
19.99	20.01	0.030938	50.141
19.99	20.01	0.030954	50.241
19.99	20.01	0.030971	50.340
19.99	20.01	0.030988	50.441
19.99	20.01	0.031004	50.541
20.01	20.00	0.031021	50.641
20.01	20.00	0.031038	50.741
20.01	20.00	0.031054	50.841
20.01	20.00	0.031071	50.941
20.01	20.00	0.031088	51.041
20.01	20.00	0.031104	51.141
20.01	20.00	0.031121	51.240
20.01	19.99	0.031138	51.341
20.01	19.99	0.031154	51.441
20.01	19.99	0.031171	51.541
20.01	19.99	0.031188	51.641
20.01	19.99	0.031204	51.741
20.01	19.99	0.031221	51.841
20.01	19.99	0.031238	51.941
20.01	19.99	0.031254	52.041
20.01	19.99	0.031271	52.140
20.01	19.99	0.031287	52.241
20.01	19.99	0.031304	52.341
20.01	19.99	0.031321	52.441
20.01	19.99	0.031337	52.541
20.01	20.00	0.031354	52.641
20.01	20.00	0.031371	52.741
20.01	20.00	0.031387	52.841
19.99	20.00	0.031404	52.941
19.99	20.00	0.031421	53.040
19.99	20.00	0.031437	53.141
19.99	20.00	0.031454	53.241
19.99	20.00	0.031471	53.341
19.99	20.01	0.031487	53.441
19.99	20.01	0.031504	53.541
19.99	20.01	0.031521	53.641
19.99	20.01	0.031537	53.740
19.99	20.01	0.031554	53.841
19.99	20.01	0.031571	53.941
19.99	20.01	0.031587	54.041
19.99	20.01	0.031604	54.141
19.99	20.01	0.031621	54.241
19.99	20.01	0.031637	54.341
19.99	20.01	0.031654	54.441
19.99	20.01	0.031671	54.541
19.99	20.01	0.031687	54.640
20.01	20.00	0.031704	54.770
20.01	20.00	0.031721	54.869
20.01	20.00	0.031737	54.964
20.01	20.00	0.031754	55.069
20.01	20.00	0.031771	55.168
20.01	20.00	0.031787	55.263
20.01	20.00	0.031804	55.367
20.01	19.99	0.031821	55.462
20.01	19.99	0.031837	55.561
20.01	19.99	0.031854	55.666
20.01	19.99	0.031871	55.761
20.01	19.99	0.031887	55.861
20.01	19.99	0.031904	55.966
20.01	19.99	0.031921	56.060
20.01	19.99	0.031937	56.160
20.01	19.99	0.031954	56.264
20.01	19.99	0.031971	56.359
20.01	19.99	0.031987	56.458
20.01	19.99	0.032004	56.563
20.01	19.99	0.032021	56.657
20.01	20.00	0.032037	56.757
20.01	20.00	0.032054	56.861
19.99	20.00	0.032071	56.956
19.99	20.00	0.032087	57.055
19.99	20.00	0.032104	57.160
19.99	20.00	0.032120	57.254
19.99	20.00	0.032137	57.355
19.99	20.00	0.032154	57.460
19.99	20.01	0.032170	57.554
19.99	20.01	0.032187	57.654
19.99	20.01	0.032204	57.758
19.99	20.01	0.032220	57.853
19.99	20.01	0.032237	57.952
19.99	20.01	0.032254	58.057
19.99	20.01	0.032270	58.152
19.99	20.01	0.032287	58.252
19.99	20.01	0.032304	58.356
19.99	20.01	0.032320	58.450
19.99	20.01	0.032337	58.552
19.99	20.01	0.032354	58.654
19.99	20.01	0.032370	58.749
20.01	20.00	0.032387	58.852
20.01	20.00	0.032404	58.953
20.01	20.00	0.032420	59.048
20.01	20.00	0.032437	59.152
20.01	20.00	0.032454	59.252
20.01	20.00	0.032470	59.346
20.01	20.00	0.032487	59.452
20.01	19.99	0.032504	59.551
20.01	19.99	0.032520	59.646
20.01	19.99	0.032537	59.750
20.01	19.99	0.032554	59.850
20.01	19.99	0.032570	59.944
20.01	19.99	0.032587	00.049
20.01	19.99	0.032604	00.148
20.01	19.99	0.032620	00.243
20.01	19.99	0.032637	00.347
20.01	19.99	0.032654	00.442
20.01	19.99	0.032670	00.542
20.01	19.99	0.032687	00.646
20.01	19.99	0.032704	00.741
19.99	20.00	0.032720	00.841
19.99	20.00	0.032737	00.945
19.99	20.00	0.032754	01.041
19.99	20.00	0.032770	01.141
19.99	20.00	0.032787	01.244
19.99	20.00	0.032804	01.341
19.99	20.00	0.032820	01.441
19.99	20.00	0.032837	01.543
19.99	20.01	0.032854	01.641
19.99	20.01	0.032870	01.741
19.99	20.01	0.032887	01.842
19.99	20.01	0.032904	01.941
19.99	20.01	0.032920	02.041
19.99	20.01	0.032937	02.140
19.99	20.01	0.032953	02.241
19.99	20.01	0.032970	02.341
19.99	20.01	0.032987	02.441
19.99	20.01	0.033003	02.541
19.99	20.01	0.033020	02.641
19.99	20.01	0.033037	02.741
19.99	20.01	0.033053	02.841
19.99	20.00	0.033070	02.941
19.99	20.00	0.033087	03.041
20.01	20.00	0.033103	03.141
20.01	20.00	0.033120	03.241
20.01	20.00	0.033137	03.341
20.01	20.00	0.033153	03.441
20.01	20.00	0.033170	03.541
20.01	19.99	0.033187	03.641
20.01	19.99	0.033203	03.740
20.01	19.99	0.033220	03.841
20.01	19.99	0.033237	03.941
20.01	19.99	0.033253	04.041
20.01	19.99	0.033270	04.141
20.01	19.99	0.033287	04.241
20.01	19.99	0.033303	04.341
20.01	19.99	0.033320	04.441
20.01	19.99	0.033337	04.541
20.01	19.99	0.033353	04.640
20.01	19.99	0.033370	04.741
20.01	19.99	0.033387	04.841
20.01	20.00	0.033403	04.941
20.01	20.00	0.033420	05.041
20.01	20.00	0.033437	05.141
19.99	20.00	0.033453	05.241
19.99	20.00	0.033470	05.340
19.99	20.00	0.033487	05.441
19.99	20.00	0.033503	05.541
19.99	20.00	0.033520	05.641
19.99	20.01	0.033537	05.741
19.99	20.01	0.033553	05.841
19.99	20.01	0.033570	05.941
19.99	20.01	0.033587	06.041
19.99	20.01	0.033603	06.141
19.99	20.01	0.033620	06.240
19.99	20.01	0.033637	06.341
19.99	20.01	0.033653	06.441
19.99	20.01	0.033670	06.541
19.99	20.01	0.033687	06.641
19.99	20.01	0.033703	06.741
19.99	20.01	0.033720	06.841
19.99	20.01	0.033737	06.941
20.01	20.00	0.033753	07.041
20.01	20.00	0.033770	07.140
20.01	20.00	0.033786	07.241
20.01	20.00	0.033803	07.341
20.01	20.00	0.033820	07.470
20.01	20.00	0.033836	07.565
20.01	20.00	0.033853	07.669
20.01	19.99	0.033870	07.769
20.01	19.99	0.033886	07.863
20.01	19.99	0.033903	07.968
20.01	19.99	0.033920	08.067
20.01	19.99	0.033936	08.162
20.01	19.99	0.033953	08.267
20.01	19.99	0.033970	08.361
20.01	19.99	0.033986	08.461
20.01	19.99	0.034003	08.565
20.01	19.99	0.034020	08.660
20.01	19.99	0.034036	08.759
20.01	19.99	0.034053	08.864
20.01	19.99	0.034070	08.958
19.99	20.00	0.034086	09.058
19.99	20.00	0.034103	09.163
19.99	20.00	0.034120	09.257
19.99	20.00	0.034136	09.357
19.99	20.00	0.034153	09.461
19.99	20.00	0.034170	09.556
19.99	20.00	0.034186	09.655
19.99	20.00	0.034203	09.760
19.99	20.01	0.034220	09.855
19.99	20.01	0.034236	09.955
19.99	20.01	0.034253	10.059
19.99	20.01	0.034270	10.154
19.99	20.01	0.034286	10.253
19.99	20.01	0.034303	10.358
19.99	20.01	0.034320	10.452
19.99	20.01	0.034336	10.552
19.99	20.01	0.034353	10.657
19.99	20.01	0.034370	10.751
19.99	20.01	0.034386	10.851
19.99	20.01	0.034403	10.955
19.99	20.01	0.034420	11.050
20.01	20.00	0.034436	11.152
20.01	20.00	0.034453	11.255
20.01	20.00	0.034470	11.350
20.01	20.00	0.034486	11.451
20.01	20.00	0.034503	11.554
20.01	20.00	0.034520	11.648
20.01	20.00	0.034536	11.752
20.01	19.99	0.034553	11.852
20.01	19.99	0.034570	11.947
20.01	19.99	0.034586	12.051
20.01	19.99	0.034603	12.151
20.01	19.99	0.034619	12.245
20.01	19.99	0.034636	12.350
20.01	19.99	0.034653	12.450
20.01	19.99	0.034669	12.545
20.01	19.99	0.034686	12.649
20.01	19.99	0.034703	12.749
20.01	19.99	0.034719	12.844
20.01	19.99	0.034736	12.948
20.01	19.99	0.034753	13.048
20.01	20.00	0.034769	13.143
20.01	20.00	0.034786	13.247
20.01	20.00	0.034803	13.346
19.99	20.00	0.034819	13.443
19.99	20.00	0.034836	13.545
19.99	20.00	0.034853	13.647
19.99	20.00	0.034869	13.743
19.99	20.00	0.034886	13.844
19.99	20.01	0.034903	13.947
19.99	20.01	0.034919	14.043
19.99	20.01	0.034936	14.143
19.99	20.01	0.034953	14.246
19.99	20.01	0.034969	14.343
19.99	20.01	0.034986	14.442
19.99	20.01	0.035003	14.547
19.99	20.01	0.035019	14.643
19.99	20.01	0.035036	14.743
19.99	20.01	0.035053	14.847
19.99	20.01	0.035069	14.944
19.99	20.01	0.035086	15.044
19.99	20.01	0.035103	15.146
19.99	20.00	0.035119	15.244
20.01	20.00	0.035136	15.343
20.01	20.00	0.035153	15.446
20.01	20.00	0.035169	15.544
20.01	20.00	0.035186	15.644
20.01	20.00	0.035203	15.747
20.01	20.00	0.035219	15.844
20.01	19.99	0.035236	15.944
20.01	19.99	0.035253	16.046
20.01	19.99	0.035269	16.144
20.01	19.99	0.035286	16.244
20.01	19.99	0.035303	16.346
20.01	19.99	0.035319	16.444
20.01	19.99	0.035336	16.544
20.01	19.99	0.035353	16.647
20.01	19.99	0.035369	16.744
20.01	19.99	0.035386	16.844
20.01	19.99	0.035403	16.946
20.01	19.99	0.035419	17.044
20.01	19.99	0.035436	17.144
20.01	20.00	0.035452	17.246
20.01	20.00	0.035469	17.344
20.01	20.00	0.035486	17.444
19.99	20.00	0.035502	17.547
19.99	20.00	0.035519	17.644
19.99	20.00	0.035536	17.744
19.99	20.00	0.035552	17.846
19.99	20.00	0.035569	17.944
19.99	20.01	0.035586	18.044
19.99	20.01	0.035602	18.146
19.99	20.01	0.035619	18.244
19.99	20.01	0.035636	18.344
19.99	20.01	0.035652	18.447
19.99	20.01	0.035669	18.543
19.99	20.01	0.035686	18.644
19.99	20.01	0.035702	18.747
19.99	20.01	0.035719	18.844
19.99	20.01	0.035736	18.944
19.99	20.01	0.035752	19.046
19.99	20.01	0.035769	19.144
20.01	20.01	0.035786	19.268
20.01	20.00	0.035802	19.346
20.01	20.00	0.035819	19.472
20.01	20.00	0.035836	19.567
20.01	20.00	0.035852	19.647
20.01	20.00	0.035869	19.771
20.01	20.00	0.035886	19.866
20.01	20.00	0.035902	19.970
20.01	19.99	0.035919	20.070
20.01	19.99	0.035936	20.164
20.01	19.99	0.035952	20.269
20.01	19.99	0.035969	20.368
20.01	19.99	0.035986	20.463
20.01	19.99	0.036002	20.567
20.01	19.99	0.036019	20.667
20.01	19.99	0.036036	20.762
20.01	19.99	0.036052	20.866
20.01	19.99	0.036069	20.961
20.01	19.99	0.036086	21.060
20.01	19.99	0.036102	21.165
20.01	19.99	0.036119	21.259
20.01	20.00	0.036136	21.359
20.01	20.00	0.036152	21.465
19.99	20.00	0.036169	21.558
19.99	20.00	0.036186	21.659
19.99	20.00	0.036202	21.763
19.99	20.00	0.036219	21.858
19.99	20.00	0.036236	21.957
19.99	20.00	0.036252	22.062
19.99	20.01	0.036269	22.157
19.99	20.01	0.036285	22.256
19.99	20.01	0.036302	22.361
19.99	20.01	0.036319	22.455
19.99	20.01	0.036335	22.555
19.99	20.01	0.036352	22.659
19.99	20.01	0.036369	22.754
19.99	20.01	0.036385	22.853
19.99	20.01	0.036402	22.958
19.99	20.01	0.036419	23.053
19.99	20.01	0.036435	23.152
19.99	20.01	0.036452	23.257
19.99	20.01	0.036469	23.351
19.99	20.00	0.036485	23.451
19.99	20.00	0.036502	23.555
19.99	20.00	0.036519	23.650
20.01	20.00	0.036535	23.750
20.01	20.00	0.036552	23.855
20.01	20.00	0.036569	23.949
20.01	20.00	0.036585	24.051
20.01	19.99	0.036602	24.153
20.01	19.99	0.036619	24.248
20.01	19.99	0.036635	24.350
20.01	19.99	0.036652	24.452
20.01	19.99	0.036669	24.546
20.01	19.99	0.036685	24.651
20.01	19.99	0.036702	24.751
20.01	19.99	0.036719	24.845
20.01	19.99	0.036735	24.951
20.01	19.99	0.036752	25.050
20.01	19.99	0.036769	25.145
20.01	19.99	0.036785	25.249
20.01	19.99	0.036802	25.349
20.01	20.00	0.036819	25.444
20.01	20.00	0.036835	25.548
19.99	20.00	0.036852	25.648
19.99	20.00	0.036869	25.744
19.99	20.00	0.036885	25.847
19.99	20.00	0.036902	25.946
19.99	20.00	0.036919	26.044
19.99	20.00	0.036935	26.145
19.99	20.01	0.036952	26.246
19.99	20.01	0.036969	26.344
19.99	20.01	0.036985	26.444
19.99	20.01	0.037002	26.546
19.99	20.01	0.037019	26.644
19.99	20.01	0.037035	26.744
19.99	20.01	0.037052	26.846
19.99	20.01	0.037069	26.944
19.99	20.01	0.037085	27.043
19.99	20.01	0.037102	27.146
19.99	20.01	0.037118	27.244
20.01	20.01	0.037135	27.344
20.01	20.01	0.037152	27.446
20.01	20.00	0.037168	27.544
20.01	20.00	0.037185	27.644
20.01	20.00	0.037202	27.746
20.01	20.00	0.037218	27.844
20.01	20.00	0.037235	27.944
20.01	20.00	0.037252	28.046
20.01	20.00	0.037268	28.144
20.01	19.99	0.037285	28.244
20.01	19.99	0.037302	28.346
20.01	19.99	0.037318	28.444
20.01	19.99	0.037335	28.544
20.01	19.99	0.037352	28.646
20.01	19.99	0.037368	28.744
20.01	19.99	0.037385	28.844
20.01	19.99	0.037402	28.946
20.01	19.99	0.037418	29.044
20.01	19.99	0.037435	29.144
20.01	19.99	0.037452	29.246
20.01	19.99	0.037468	29.344
20.01	19.99	0.037485	29.444
20.01	20.00	0.037502	29.545
19.99	20.00	0.037518	29.644
19.99	20.00	0.037535	29.744
19.99	20.00	0.037552	29.846
19.99	20.00	0.037568	29.944
19.99	20.00	0.037585	30.044
19.99	20.00	0.037602	30.146
19.99	20.00	0.037618	30.244
19.99	20.01	0.037635	30.344
19.99	20.01	0.037652	30.445
19.99	20.01	0.037668	30.544
19.99	20.01	0.037685	30.644
19.99	20.01	0.037702	30.746
19.99	20.01	0.037718	30.844
19.99	20.01	0.037735	30.944
19.99	20.01	0.037752	31.046
19.99	20.01	0.037768	31.143
19.99	20.01	0.037785	31.244
19.99	20.01	0.037802	31.346
19.99	20.01	0.037818	31.444
19.99	20.01	0.037835	31.544
19.99	20.00	0.037852	31.646
20.01	20.00	0.037868	31.744
20.01	20.00	0.037885	31.868
20.01	20.00	0.037902	31.946
20.01	20.00	0.037918	32.072
20.01	20.00	0.037935	32.167
20.01	20.00	0.037951	32.246
20.01	19.99	0.037968	32.371
20.01	19.99	0.037985	32.466
20.01	19.99	0.038001	32.570
20.01	19.99	0.038018	32.670
20.01	19.99	0.038035	32.764
20.01	19.99	0.038051	32.869
20.01	19.99	0.038068	32.968
20.01	19.99	0.038085	33.063
20.01	19.99	0.038101	33.168
20.01	19.99	0.038118	33.267
20.01	19.99	0.038135	33.362
20.01	19.99	0.038151	33.466
20.01	19.99	0.038168	33.566
19.99	20.00	0.038185	33.660
19.99	20.00	0.038201	33.765
19.99	20.00	0.038218	33.859
19.99	20.00	0.038235	33.959
19.99	20.00	0.038251	34.064
19.99	20.00	0.038268	34.158
19.99	20.00	0.038285	34.258
19.99	20.00	0.038301	34.363
19.99	20.01	0.038318	34.458
19.99	20.01	0.038335	34.557
19.99	20.01	0.038351	34.662
19.99	20.01	0.038368	34.757
19.99	20.01	0.038385	34.856
19.99	20.01	0.038401	34.961
19.99	20.01	0.038418	35.055
19.99	20.01	0.038435	35.155
19.99	20.01	0.038451	35.259
19.99	20.01	0.038468	35.354
19.99	20.01	0.038485	35.453
19.99	20.01	0.038501	35.558
19.99	20.01	0.038518	35.653
20.01	20.00	0.038535	35.753
20.01	20.00	0.038551	35.857
20.01	20.00	0.038568	35.952
20.01	20.00	0.038585	36.051
20.01	20.00	0.038601	36.156
20.01	20.00	0.038618	36.250
20.01	20.00	0.038635	36.350
20.01	19.99	0.038651	36.455
20.01	19.99	0.038668	36.549
20.01	19.99	0.038685	36.650
20.01	19.99	0.038701	36.753
20.01	19.99	0.038718	36.848
20.01	19.99	0.038735	36.949
20.01	19.99	0.038751	37.052
20.01	19.99	0.038768	37.147
20.01	19.99	0.038784	37.250
20.01	19.99	0.038801	37.351
20.01	19.99	0.038818	37.445
20.01	19.99	0.038834	37.550
20.01	19.99	0.038851	37.649
20.01	20.00	0.038868	37.745
19.99	20.00	0.038884	37.849
19.99	20.00	0.038901	37.949
19.99	20.00	0.038918	38.045
19.99	20.00	0.038934	38.148
19.99	20.00	0.038951	38.247
19.99	20.00	0.038968	38.345
19.99	20.00	0.038984	38.446
19.99	20.01	0.039001	38.546
19.99	20.01	0.039018	38.645
19.99	20.01	0.039034	38.745
19.99	20.01	0.039051	38.845
19.99	20.01	0.039068	38.944
19.99	20.01	0.039084	39.044
19.99	20.01	0.039101	39.145
19.99	20.01	0.039118	39.245
19.99	20.01	0.039134	39.344
19.99	20.01	0.039151	39.445
19.99	20.01	0.039168	39.545
19.99	20.01	0.039184	39.645
19.99	20.01	0.039201	39.745
20.01	20.00	0.039218	39.845
20.01	20.00	0.039234	39.945
20.01	20.00	0.039251	40.045
20.01	20.00	0.039268	40.146
20.01	20.00	0.039284	40.245
20.01	20.00	0.039301	40.346
20.01	20.00	0.039318	40.446
20.01	19.99	0.039334	40.546
20.01	19.99	0.039351	40.646
20.01	19.99	0.039368	40.746
20.01	19.99	0.039384	40.846
20.01	19.99	0.039401	40.946
20.01	19.99	0.039418	41.046
20.01	19.99	0.039434	41.146
20.01	19.99	0.039451	41.246
20.01	19.99	0.039468	41.346
20.01	19.99	0.039484	41.446
20.01	19.99	0.039501	41.546
20.01	19.99	0.039518	41.646
20.01	19.99	0.039534	41.746
20.01	20.00	0.039551	41.845
19.99	20.00	0.039568	41.946
19.99	20.00	0.039584	42.046
19.99	20.00	0.039601	42.146
19.99	20.00	0.039617	42.246
19.99	20.00	0.039634	42.346
19.99	20.00	0.039651	42.446
19.99	20.00	0.039667	42.545
19.99	20.01	0.039684	42.646
19.99	20.01	0.039701	42.746
19.99	20.01	0.039717	42.846
19.99	20.01	0.039734	42.946
19.99	20.01	0.039751	43.046
19.99	20.01	0.039767	43.146
19.99	20.01	0.039784	43.246
19.99	20.01	0.039801	43.346
19.99	20.01	0.039817	43.445
19.99	20.01	0.039834	43.546
19.99	20.01	0.039851	43.646
19.99	20.01	0.039867	43.746
19.99	20.01	0.039884	43.846
20.01	20.00	0.039901	43.970
20.01	20.00	0.039917	44.075
20.01	20.00	0.039934	44.169
20.01	20.00	0.039951	44.270
20.01	20.00	0.039967	44.373
20.01	20.00	0.039984	44.468
20.01	20.00	0.040001	44.569
20.01	19.99	0.040017	44.672
20.01	19.99	0.040034	44.767
20.01	19.99	0.040051	44.869
20.01	19.99	0.040067	44.971
20.01	19.99	0.040084	45.065
20.01	19.99	0.040101	45.170
20.01	19.99	0.040117	45.269
20.01	19.99	0.040134	45.364
20.01	19.99	0.040151	45.469
20.01	19.99	0.040167	45.568
20.01	19.99	0.040184	45.663
20.01	19.99	0.040201	45.768
20.01	19.99	0.040217	45.867
20.01	20.00	0.040234	45.962
20.01	20.00	0.040251	46.066
19.99	20.00	0.040267	46.166
19.99	20.00	0.040284	46.261
19.99	20.00	0.040301	46.365
19.99	20.00	0.040317	46.465
19.99	20.00	0.040334	46.559
19.99	20.00	0.040351	46.664
19.99	20.01	0.040367	46.758
19.99	20.01	0.040384	46.858
19.99	20.01	0.040401	46.962
19.99	20.01	0.040417	47.057
19.99	20.01	0.040434	47.157
19.99	20.01	0.040450	47.262
19.99	20.01	0.040467	47.357
19.99	20.01	0.040484	47.456
19.99	20.01	0.040500	47.561
19.99	20.01	0.040517	47.655
19.99	20.01	0.040534	47.755
19.99	20.01	0.040550	47.860
19.99	20.01	0.040567	47.954
20.01	20.00	0.040584	48.054
20.01	20.00	0.040600	48.158
20.01	20.00	0.040617	48.253
20.01	20.00	0.040634	48.352
20.01	20.00	0.040650	48.457
20.01	20.00	0.040667	48.551
20.01	20.00	0.040684	48.651
20.01	19.99	0.040700	48.756
20.01	19.99	0.040717	48.850
20.01	19.99	0.040734	48.950
20.01	19.99	0.040750	49.054
20.01	19.99	0.040767	49.149
20.01	19.99	0.040784	49.249
20.01	19.99	0.040800	49.354
20.01	19.99	0.040817	49.449
20.01	19.99	0.040834	49.549
20.01	19.99	0.040850	49.653
20.01	19.99	0.040867	49.747
20.01	19.99	0.040884	49.849
20.01	19.99	0.040900	49.951
20.01	20.00	0.040917	50.046
19.99	20.00	0.040934	50.148
19.99	20.00	0.040950	50.250
19.99	20.00	0.040967	50.346
19.99	20.00	0.040984	50.449
19.99	20.00	0.041000	50.548
19.99	20.00	0.041017	50.646
19.99	20.00	0.041034	50.747
19.99	20.01	0.041050	50.847
19.99	20.01	0.041067	50.945
19.99	20.01	0.041084	51.047
19.99	20.01	0.041100	51.147
19.99	20.01	0.041117	51.246
19.99	20.01	0.041134	51.346
19.99	20.01	0.041150	51.446
19.99	20.01	0.041167	51.546
19.99	20.01	0.041184	51.646
19.99	20.01	0.041200	51.747
19.99	20.01	0.041217	51.846
19.99	20.01	0.041234	51.947
19.99	20.01	0.041250	52.047
19.99	20.00	0.041267	52.147
19.99	20.00	0.041283	52.247
20.01	20.00	0.041300	52.347
20.01	20.00	0.041317	52.447
20.01	20.00	0.041333	52.546
20.01	20.00	0.041350	52.647
20.01	20.00	0.041367	52.747
20.01	19.99	0.041383	52.847
20.01	19.99	0.041400	52.947
20.01	19.99	0.041417	53.047
20.01	19.99	0.041433	53.147
20.01	19.99	0.041450	53.247
20.01	19.99	0.041467	53.347
20.01	19.99	0.041483	53.446
20.01	19.99	0.041500	53.547
20.01	19.99	0.041517	53.647
20.01	19.99	0.041533	53.747
20.01	19.99	0.041550	53.847
20.01	19.99	0.041567	53.947
20.01	19.99	0.041583	54.047
20.01	20.00	0.041600	54.147
20.01	20.00	0.041617	54.247
20.01	20.00	0.041633	54.346
20.01	20.00	0.041650	54.447
19.99	20.00	0.041667	54.547
19.99	20.00	0.041683	54.647
19.99	20.00	0.041700	54.746
19.99	20.00	0.041717	54.847
19.99	20.01	0.041733	54.947
19.99	20.01	0.041750	55.046
19.99	20.01	0.041767	55.147
19.99	20.01	0.041783	55.247
19.99	20.01	0.041800	55.347
19.99	20.01	0.041817	55.447
19.99	20.01	0.041833	55.547
19.99	20.01	0.041850	55.647
19.99	20.01	0.041867	55.747
19.99	20.01	0.041883	55.847
19.99	20.01	0.041900	55.946
19.99	20.01	0.041917	56.047
19.99	20.01	0.041933	56.147
19.99	20.00	0.041950	56.271
19.99	20.00	0.041967	56.376
20.01	20.00	0.041983	56.470
20.01	20.00	0.042000	56.570
20.01	20.00	0.042017	56.674
20.01	20.00	0.042033	56.769
20.01	20.00	0.042050	56.868
20.01	19.99	0.042067	56.974
20.01	19.99	0.042083	57.068
20.01	19.99	0.042100	57.168
20.01	19.99	0.042116	57.273
20.01	19.99	0.042133	57.367
20.01	19.99	0.042150	57.469
20.01	19.99	0.042166	57.571
20.01	19.99	0.042183	57.666
20.01	19.99	0.042200	57.768
20.01	19.99	0.042216	57.870
20.01	19.99	0.042233	57.965
20.01	19.99	0.042250	58.068
20.01	19.99	0.042266	58.169
19.99	20.00	0.042283	58.263
19.99	20.00	0.042300	58.368
19.99	20.00	0.042316	58.467
19.99	20.00	0.042333	58.562
19.99	20.00	0.042350	58.666
19.99	20.00	0.042366	58.766
19.99	20.00	0.042383	58.861
19.99	20.00	0.042400	58.965
19.99	20.01	0.042416	59.065
19.99	20.01	0.042433	59.159
19.99	20.01	0.042450	59.264
19.99	20.01	0.042466	59.363
19.99	20.01	0.042483	59.458
19.99	20.01	0.042500	59.563
19.99	20.01	0.042516	59.657
19.99	20.01	0.042533	59.758
19.99	20.01	0.042550	59.861
19.99	20.01	0.042566	59.956
19.99	20.01	0.042583	00.056
19.99	20.01	0.042600	00.161
20.01	20.01	0.042616	00.255
20.01	20.00	0.042633	00.355
20.01	20.00	0.042650	00.460
20.01	20.00	0.042666	00.554
20.01	20.00	0.042683	00.654
20.01	20.00	0.042700	00.758
20.01	20.00	0.042716	00.853
20.01	20.00	0.042733	00.952
20.01	19.99	0.042750	01.057
20.01	19.99	0.042766	01.152
20.01	19.99	0.042783	01.251
20.01	19.99	0.042800	01.356
20.01	19.99	0.042816	01.450
20.01	19.99	0.042833	01.550
20.01	19.99	0.042850	01.654
20.01	19.99	0.042866	01.749
20.01	19.99	0.042883	01.848
20.01	19.99	0.042900	01.953
20.01	19.99	0.042916	02.048
20.01	19.99	0.042933	02.148
20.01	19.99	0.042949	02.253
20.01	20.00	0.042966	02.348
20.01	20.00	0.042983	02.448
20.01	20.00	0.042999	02.551
19.99	20.00	0.043016	02.647
19.99	20.00	0.043033	02.748
19.99	20.00	0.043049	02.850
19.99	20.00	0.043066	02.948
19.99	20.00	0.043083	03.048
19.99	20.01	0.043099	03.148
19.99	20.01	0.043116	03.248
19.99	20.01	0.043133	03.348
19.99	20.01	0.043149	03.448
19.99	20.01	0.043166	03.548
19.99	20.01	0.043183	03.648
19.99	20.01	0.043199	03.748
19.99	20.01	0.043216	03.848
19.99	20.01	0.043233	03.948
19.99	20.01	0.043249	04.048
19.99	20.01	0.043266	04.148
19.99	20.01	0.043283	04.247
20.01	20.01	0.043299	04.358
20.01	20.00	0.043316	04.458
20.01	20.00	0.043333	04.558
20.01	20.00	0.043349	04.658
20.01	20.00	0.043366	04.758
20.01	20.00	0.043383	04.858
20.01	20.00	0.043399	04.958
20.01	20.00	0.043416	05.058
20.01	19.99	0.043433	05.157
20.01	19.99	0.043449	05.258
20.01	19.99	0.043466	05.358
20.01	19.99	0.043483	05.458
20.01	19.99	0.043499	05.558
20.01	19.99	0.043516	05.658
20.01	19.99	0.043533	05.758
20.01	19.99	0.043549	05.858
20.01	19.99	0.043566	05.958
20.01	19.99	0.043583	06.057
20.01	19.99	0.043599	06.182
20.01	19.99	0.043616	06.286
20.01	19.99	0.043633	06.386
19.99	20.00	0.043649	06.481
19.99	20.00	0.043666	06.585
19.99	20.00	0.043683	06.685
19.99	20.00	0.043699	06.779
