100.00	0.00	7.23	30.00	150.00	2.70	97.30	0.50	

19.99	20.00	0.000000	55.174
20.01	20.00	0.000017	55.269
19.99	20.00	0.000033	55.368
19.99	20.00	0.000050	55.473
19.99	20.01	0.000067	55.568
19.96	20.01	0.000083	55.667
19.96	20.01	0.000100	55.772
19.96	20.01	0.000117	55.866
19.96	20.01	0.000133	55.966
19.93	20.01	0.000150	56.070
19.93	20.01	0.000167	56.165
19.93	20.01	0.000183	56.265
19.93	20.01	0.000200	56.369
19.93	20.01	0.000217	56.464
19.93	20.01	0.000233	56.565
19.93	20.01	0.000250	56.668
19.93	20.01	0.000267	56.762
19.96	20.00	0.000283	56.866
19.96	20.00	0.000300	56.966
19.96	20.00	0.000317	57.062
19.99	20.00	0.000333	57.165
19.99	20.00	0.000350	57.266
19.99	20.00	0.000367	57.361
19.99	20.00	0.000383	57.465
20.01	19.99	0.000400	57.565
20.01	19.99	0.000416	57.659
20.01	19.99	0.000433	57.764
20.04	19.99	0.000450	57.863
20.04	19.99	0.000466	57.958
20.04	19.99	0.000483	58.063
20.04	19.99	0.000500	58.162
20.04	19.99	0.000516	58.257
20.06	19.99	0.000533	58.361
20.06	19.99	0.000550	58.461
20.06	19.99	0.000566	58.555
20.06	19.99	0.000583	58.660
20.06	19.99	0.000600	58.754
20.04	20.00	0.000616	58.854
20.04	20.00	0.000633	58.959
20.04	20.00	0.000650	59.053
20.04	20.00	0.000666	59.153
20.04	20.00	0.000683	59.258
20.04	20.00	0.000700	59.353
20.01	20.00	0.000716	59.452
20.01	20.00	0.000733	59.557
20.01	20.01	0.000750	59.652
20.01	20.01	0.000766	59.751
20.01	20.01	0.000783	59.856
20.01	20.01	0.000800	59.950
19.99	20.01	0.000816	00.050
19.99	20.01	0.000833	00.154
19.99	20.01	0.000850	00.249
19.99	20.01	0.000866	00.348
19.99	20.01	0.000883	00.453
19.99	20.01	0.000900	00.548
19.99	20.01	0.000916	00.647
19.99	20.01	0.000933	00.752
19.99	20.01	0.000950	00.847
20.01	20.00	0.000966	00.947
20.01	20.00	0.000983	01.050
20.01	20.00	0.001000	01.146
20.01	20.00	0.001016	01.247
20.01	20.00	0.001033	01.350
20.01	20.00	0.001050	01.447
20.01	20.00	0.001066	01.547
20.01	19.99	0.001083	01.648
20.01	19.99	0.001100	01.746
20.04	19.99	0.001116	01.846
20.04	19.99	0.001133	01.947
20.04	19.99	0.001150	02.046
20.04	19.99	0.001166	02.146
20.04	19.99	0.001183	02.246
20.04	19.99	0.001200	02.346
20.01	19.99	0.001216	02.446
20.01	19.99	0.001233	02.546
20.01	19.99	0.001250	02.646
20.01	19.99	0.001266	02.745
20.01	19.99	0.001283	02.846
20.01	20.00	0.001299	02.947
20.01	20.00	0.001316	03.047
19.99	20.00	0.001333	03.147
19.99	20.00	0.001349	03.247
19.99	20.00	0.001366	03.347
19.99	20.00	0.001383	03.447
19.99	20.00	0.001399	03.547
19.99	20.00	0.001416	03.646
19.99	20.01	0.001433	03.747
19.99	20.01	0.001449	03.847
19.99	20.01	0.001466	03.947
19.99	20.01	0.001483	04.047
19.99	20.01	0.001499	04.147
19.99	20.01	0.001516	04.247
19.99	20.01	0.001533	04.347
19.99	20.01	0.001549	04.447
19.99	20.01	0.001566	04.547
19.99	20.01	0.001583	04.647
19.99	20.01	0.001599	04.747
19.99	20.01	0.001616	04.847
19.99	20.01	0.001633	04.947
19.99	20.00	0.001649	05.047
19.99	20.00	0.001666	05.147
19.99	20.00	0.001683	05.246
20.01	20.00	0.001699	05.347
20.01	20.00	0.001716	05.447
20.01	20.00	0.001733	05.547
20.01	20.00	0.001749	05.648
20.01	19.99	0.001766	05.748
20.01	19.99	0.001783	05.848
20.01	19.99	0.001799	05.948
20.01	19.99	0.001816	06.048
20.01	19.99	0.001833	06.147
20.01	19.99	0.001849	06.248
20.01	19.99	0.001866	06.348
20.01	19.99	0.001883	06.448
20.01	19.99	0.001899	06.548
20.01	19.99	0.001916	06.648
20.01	19.99	0.001933	06.748
20.01	19.99	0.001949	06.848
20.01	19.99	0.001966	06.948
20.01	20.00	0.001983	07.048
19.99	20.00	0.001999	07.177
19.99	20.00	0.002016	07.272
19.99	20.00	0.002033	07.371
19.99	20.00	0.002049	07.476
19.99	20.00	0.002066	07.570
19.99	20.00	0.002082	07.670
19.99	20.00	0.002099	07.774
19.99	20.01	0.002116	07.869
19.99	20.01	0.002132	07.968
19.99	20.01	0.002149	08.073
19.99	20.01	0.002166	08.168
19.99	20.01	0.002182	08.267
19.99	20.01	0.002199	08.372
19.99	20.01	0.002216	08.467
19.99	20.01	0.002232	08.566
19.99	20.01	0.002249	08.671
19.99	20.01	0.002266	08.765
19.99	20.01	0.002282	08.865
19.99	20.01	0.002299	08.970
19.99	20.01	0.002316	09.064
20.01	20.00	0.002332	09.165
20.01	20.00	0.002349	09.268
20.01	20.00	0.002366	09.363
20.01	20.00	0.002382	09.464
20.01	20.00	0.002399	09.567
20.01	20.00	0.002416	09.662
20.01	20.00	0.002432	09.764
20.01	19.99	0.002449	09.866
20.01	19.99	0.002466	09.960
20.01	19.99	0.002482	10.065
20.01	19.99	0.002499	10.164
20.01	19.99	0.002516	10.260
20.01	19.99	0.002532	10.364
20.01	19.99	0.002549	10.464
20.01	19.99	0.002566	10.559
20.01	19.99	0.002582	10.663
20.01	19.99	0.002599	10.763
20.01	19.99	0.002616	10.857
20.01	19.99	0.002632	10.962
20.01	19.99	0.002649	11.061
20.01	20.00	0.002666	11.156
20.01	20.00	0.002682	11.260
19.99	20.00	0.002699	11.360
19.99	20.00	0.002716	11.455
19.99	20.00	0.002732	11.559
19.99	20.00	0.002749	11.654
19.99	20.00	0.002766	11.753
19.99	20.00	0.002782	11.858
19.99	20.01	0.002799	11.952
19.99	20.01	0.002816	12.052
19.99	20.01	0.002832	12.157
19.99	20.01	0.002849	12.251
19.99	20.01	0.002866	12.351
19.99	20.01	0.002882	12.456
19.99	20.01	0.002899	12.550
19.99	20.01	0.002915	12.650
19.99	20.01	0.002932	12.754
19.99	20.01	0.002949	12.849
19.99	20.01	0.002965	12.949
19.99	20.01	0.002982	13.053
20.01	20.01	0.002999	13.148
20.01	20.00	0.003015	13.248
20.01	20.00	0.003032	13.352
20.01	20.00	0.003049	13.448
20.01	20.00	0.003065	13.548
20.01	20.00	0.003082	13.651
20.01	20.00	0.003099	13.748
20.01	20.00	0.003115	13.848
20.01	19.99	0.003132	13.950
20.01	19.99	0.003149	14.048
20.01	19.99	0.003165	14.148
20.01	19.99	0.003182	14.249
20.01	19.99	0.003199	14.346
20.01	19.99	0.003215	14.448
20.01	19.99	0.003232	14.548
20.01	19.99	0.003249	14.648
20.01	19.99	0.003265	14.748
20.01	19.99	0.003282	14.848
20.01	19.99	0.003299	14.948
20.01	19.99	0.003315	15.048
20.01	19.99	0.003332	15.148
19.99	20.00	0.003349	15.247
19.99	20.00	0.003365	15.348
19.99	20.00	0.003382	15.448
19.99	20.00	0.003399	15.548
19.99	20.00	0.003415	15.648
19.99	20.00	0.003432	15.748
19.99	20.00	0.003449	15.848
19.99	20.00	0.003465	15.947
19.99	20.01	0.003482	16.048
19.99	20.01	0.003499	16.148
19.99	20.01	0.003515	16.248
19.99	20.01	0.003532	16.348
19.99	20.01	0.003549	16.448
19.99	20.01	0.003565	16.548
19.99	20.01	0.003582	16.648
19.99	20.01	0.003599	16.748
19.99	20.01	0.003615	16.847
19.99	20.01	0.003632	16.948
19.99	20.01	0.003649	17.048
19.99	20.01	0.003665	17.148
19.99	20.01	0.003682	17.248
20.01	20.00	0.003699	17.348
20.01	20.00	0.003715	17.448
20.01	20.00	0.003732	17.581
20.01	20.00	0.003748	17.659
20.01	20.00	0.003765	17.784
20.01	20.00	0.003782	17.879
20.01	20.00	0.003798	17.959
20.01	19.99	0.003815	18.084
20.01	19.99	0.003832	18.179
20.01	19.99	0.003848	18.283
20.01	19.99	0.003865	18.383
20.01	19.99	0.003882	18.477
20.01	19.99	0.003898	18.582
20.01	19.99	0.003915	18.681
20.01	19.99	0.003932	18.775
20.01	19.99	0.003948	18.880
20.01	19.99	0.003965	18.980
20.01	19.99	0.003982	19.074
20.01	19.99	0.003998	19.180
19.99	19.99	0.004015	19.273
19.99	20.00	0.004032	19.374
19.99	20.00	0.004048	19.478
19.99	20.00	0.004065	19.573
19.99	20.00	0.004082	19.673
19.99	20.00	0.004098	19.777
19.99	20.00	0.004115	19.872
19.99	20.00	0.004132	19.971
19.99	20.00	0.004148	20.076
19.99	20.01	0.004165	20.170
19.99	20.01	0.004182	20.270
19.99	20.01	0.004198	20.374
19.99	20.01	0.004215	20.469
19.99	20.01	0.004232	20.569
19.99	20.01	0.004248	20.673
19.99	20.01	0.004265	20.768
19.99	20.01	0.004282	20.867
19.99	20.01	0.004298	20.972
19.99	20.01	0.004315	21.066
19.99	20.01	0.004332	21.166
19.99	20.01	0.004348	21.270
20.01	20.01	0.004365	21.365
20.01	20.00	0.004382	21.466
20.01	20.00	0.004398	21.570
20.01	20.00	0.004415	21.665
20.01	20.00	0.004432	21.764
20.01	20.00	0.004448	21.869
20.01	20.00	0.004465	21.963
20.01	20.00	0.004482	22.063
20.01	19.99	0.004498	22.168
20.01	19.99	0.004515	22.262
20.01	19.99	0.004532	22.364
20.01	19.99	0.004548	22.466
20.01	19.99	0.004565	22.561
20.01	19.99	0.004581	22.663
20.01	19.99	0.004598	22.765
20.01	19.99	0.004615	22.859
20.01	19.99	0.004631	22.963
20.01	19.99	0.004648	23.064
20.01	19.99	0.004665	23.159
20.01	19.99	0.004681	23.263
20.01	19.99	0.004698	23.362
20.01	20.00	0.004715	23.459
20.01	20.00	0.004731	23.561
19.99	20.00	0.004748	23.661
19.99	20.00	0.004765	23.759
19.99	20.00	0.004781	23.860
19.99	20.00	0.004798	23.960
19.99	20.00	0.004815	24.059
19.99	20.00	0.004831	24.160
19.99	20.01	0.004848	24.259
19.99	20.01	0.004865	24.359
19.99	20.01	0.004881	24.458
19.99	20.01	0.004898	24.559
19.99	20.01	0.004915	24.659
19.99	20.01	0.004931	24.759
19.99	20.01	0.004948	24.859
19.99	20.01	0.004965	24.959
19.99	20.01	0.004981	25.059
19.99	20.01	0.004998	25.159
19.99	20.01	0.005015	25.259
19.99	20.01	0.005031	25.358
19.99	20.01	0.005048	25.459
19.99	20.00	0.005065	25.559
20.01	20.00	0.005081	25.659
20.01	20.00	0.005098	25.759
20.01	20.00	0.005115	25.859
20.01	20.00	0.005131	25.959
20.01	20.00	0.005148	26.059
20.01	20.00	0.005165	26.159
20.01	19.99	0.005181	26.259
20.01	19.99	0.005198	26.360
20.01	19.99	0.005215	26.460
20.01	19.99	0.005231	26.560
20.01	19.99	0.005248	26.660
20.01	19.99	0.005265	26.760
20.01	19.99	0.005281	26.860
20.01	19.99	0.005298	26.959
20.01	19.99	0.005315	27.060
20.01	19.99	0.005331	27.160
20.01	19.99	0.005348	27.260
20.01	19.99	0.005365	27.360
20.01	19.99	0.005381	27.460
19.99	20.00	0.005398	27.560
19.99	20.00	0.005414	27.660
19.99	20.00	0.005431	27.760
19.99	20.00	0.005448	27.859
19.99	20.00	0.005464	27.960
19.99	20.00	0.005481	28.060
19.99	20.00	0.005498	28.160
19.99	20.00	0.005514	28.260
19.99	20.01	0.005531	28.360
19.99	20.01	0.005548	28.460
19.99	20.01	0.005564	28.560
19.99	20.01	0.005581	28.660
19.99	20.01	0.005598	28.760
19.99	20.01	0.005614	28.860
19.99	20.01	0.005631	28.960
19.99	20.01	0.005648	29.060
19.99	20.01	0.005664	29.160
19.99	20.01	0.005681	29.284
19.99	20.01	0.005698	29.384
19.99	20.01	0.005714	29.488
20.01	20.01	0.005731	29.583
20.01	20.00	0.005748	29.682
20.01	20.00	0.005764	29.787
20.01	20.00	0.005781	29.882
20.01	20.00	0.005798	29.983
20.01	20.00	0.005814	30.087
20.01	20.00	0.005831	30.181
20.01	20.00	0.005848	30.283
20.01	19.99	0.005864	30.385
20.01	19.99	0.005881	30.480
20.01	19.99	0.005898	30.582
20.01	19.99	0.005914	30.684
20.01	19.99	0.005931	30.779
20.01	19.99	0.005948	30.883
20.01	19.99	0.005964	30.983
20.01	19.99	0.005981	31.077
20.01	19.99	0.005998	31.182
20.01	19.99	0.006014	31.281
20.01	19.99	0.006031	31.376
20.01	19.99	0.006048	31.481
20.01	19.99	0.006064	31.580
19.99	20.00	0.006081	31.675
19.99	20.00	0.006098	31.779
19.99	20.00	0.006114	31.879
19.99	20.00	0.006131	31.973
19.99	20.00	0.006148	32.078
19.99	20.00	0.006164	32.172
19.99	20.00	0.006181	32.272
19.99	20.00	0.006198	32.378
19.99	20.01	0.006214	32.471
19.99	20.01	0.006231	32.571
19.99	20.01	0.006247	32.676
19.99	20.01	0.006264	32.770
19.99	20.01	0.006281	32.870
19.99	20.01	0.006297	32.974
19.99	20.01	0.006314	33.069
19.99	20.01	0.006331	33.169
19.99	20.01	0.006347	33.273
19.99	20.01	0.006364	33.368
19.99	20.01	0.006381	33.467
19.99	20.01	0.006397	33.572
19.99	20.01	0.006414	33.666
20.01	20.00	0.006431	33.767
20.01	20.00	0.006447	33.872
20.01	20.00	0.006464	33.966
20.01	20.00	0.006481	34.066
20.01	20.00	0.006497	34.170
20.01	20.00	0.006514	34.265
20.01	20.00	0.006531	34.364
20.01	19.99	0.006547	34.469
20.01	19.99	0.006564	34.563
20.01	19.99	0.006581	34.663
20.01	19.99	0.006597	34.768
20.01	19.99	0.006614	34.862
20.01	19.99	0.006631	34.962
20.01	19.99	0.006647	35.066
20.01	19.99	0.006664	35.161
20.01	19.99	0.006681	35.262
20.01	19.99	0.006697	35.365
20.01	19.99	0.006714	35.460
20.01	19.99	0.006731	35.562
20.01	19.99	0.006747	35.664
20.01	20.00	0.006764	35.760
19.99	20.00	0.006781	35.862
19.99	20.00	0.006797	35.962
19.99	20.00	0.006814	36.060
19.99	20.00	0.006831	36.161
19.99	20.00	0.006847	36.261
19.99	20.00	0.006864	36.360
19.99	20.00	0.006881	36.461
19.99	20.01	0.006897	36.561
19.99	20.01	0.006914	36.660
19.99	20.01	0.006931	36.760
19.99	20.01	0.006947	36.860
19.99	20.01	0.006964	36.960
19.99	20.01	0.006981	37.059
19.99	20.01	0.006997	37.160
19.99	20.01	0.007014	37.260
19.99	20.01	0.007031	37.360
19.99	20.01	0.007047	37.460
19.99	20.01	0.007064	37.560
19.99	20.01	0.007080	37.660
19.99	20.01	0.007097	37.759
20.01	20.00	0.007114	37.860
20.01	20.00	0.007130	37.960
20.01	20.00	0.007147	38.060
20.01	20.00	0.007164	38.160
20.01	20.00	0.007180	38.260
20.01	20.00	0.007197	38.360
20.01	20.00	0.007214	38.460
20.01	19.99	0.007230	38.560
20.01	19.99	0.007247	38.659
20.01	19.99	0.007264	38.760
20.01	19.99	0.007280	38.860
20.01	19.99	0.007297	38.960
20.01	19.99	0.007314	39.060
20.01	19.99	0.007330	39.160
20.01	19.99	0.007347	39.260
20.01	19.99	0.007364	39.360
20.01	19.99	0.007380	39.460
20.01	19.99	0.007397	39.559
20.01	19.99	0.007414	39.660
20.01	19.99	0.007430	39.760
20.01	20.00	0.007447	39.860
20.01	20.00	0.007464	39.960
20.01	20.00	0.007480	40.060
19.99	20.00	0.007497	40.160
19.99	20.00	0.007514	40.259
19.99	20.00	0.007530	40.360
19.99	20.00	0.007547	40.460
19.99	20.00	0.007564	40.560
19.99	20.01	0.007580	40.660
19.99	20.01	0.007597	40.760
19.99	20.01	0.007614	40.860
19.99	20.01	0.007630	40.960
19.99	20.01	0.007647	41.060
19.99	20.01	0.007664	41.159
19.99	20.01	0.007680	41.260
19.99	20.01	0.007697	41.360
19.99	20.01	0.007714	41.460
19.99	20.01	0.007730	41.560
19.99	20.01	0.007747	41.660
19.99	20.01	0.007764	41.760
19.99	20.01	0.007780	41.884
19.99	20.00	0.007797	41.984
19.99	20.00	0.007814	42.059
20.01	20.00	0.007830	42.184
20.01	20.00	0.007847	42.283
20.01	20.00	0.007864	42.388
20.01	20.00	0.007880	42.483
20.01	20.00	0.007897	42.582
20.01	19.99	0.007913	42.687
20.01	19.99	0.007930	42.781
20.01	19.99	0.007947	42.882
20.01	19.99	0.007963	42.985
20.01	19.99	0.007980	43.080
20.01	19.99	0.007997	43.182
20.01	19.99	0.008013	43.284
20.01	19.99	0.008030	43.379
20.01	19.99	0.008047	43.481
20.01	19.99	0.008063	43.583
20.01	19.99	0.008080	43.677
20.01	19.99	0.008097	43.781
20.01	19.99	0.008113	43.881
19.99	20.00	0.008130	43.976
19.99	20.00	0.008147	44.081
19.99	20.00	0.008163	44.180
19.99	20.00	0.008180	44.275
19.99	20.00	0.008197	44.379
19.99	20.00	0.008213	44.479
19.99	20.00	0.008230	44.573
19.99	20.00	0.008247	44.678
19.99	20.01	0.008263	44.779
19.99	20.01	0.008280	44.873
19.99	20.01	0.008297	44.978
19.99	20.01	0.008313	45.077
19.99	20.01	0.008330	45.172
19.99	20.01	0.008347	45.276
19.99	20.01	0.008363	45.371
19.99	20.01	0.008380	45.470
19.99	20.01	0.008397	45.575
19.99	20.01	0.008413	45.670
19.99	20.01	0.008430	45.769
19.99	20.01	0.008447	45.874
20.01	20.01	0.008463	45.968
20.01	20.00	0.008480	46.068
20.01	20.00	0.008497	46.172
20.01	20.00	0.008513	46.267
20.01	20.00	0.008530	46.367
20.01	20.00	0.008547	46.471
20.01	20.00	0.008563	46.566
20.01	20.00	0.008580	46.665
20.01	19.99	0.008597	46.771
20.01	19.99	0.008613	46.865
20.01	19.99	0.008630	46.965
20.01	19.99	0.008647	47.069
20.01	19.99	0.008663	47.164
20.01	19.99	0.008680	47.264
20.01	19.99	0.008697	47.368
20.01	19.99	0.008713	47.463
20.01	19.99	0.008730	47.562
20.01	19.99	0.008746	47.667
20.01	19.99	0.008763	47.761
20.01	19.99	0.008780	47.861
20.01	19.99	0.008796	47.965
20.01	20.00	0.008813	48.060
20.01	20.00	0.008830	48.161
19.99	20.00	0.008846	48.264
19.99	20.00	0.008863	48.360
19.99	20.00	0.008880	48.460
19.99	20.00	0.008896	48.563
19.99	20.00	0.008913	48.659
19.99	20.00	0.008930	48.761
19.99	20.01	0.008946	48.862
19.99	20.01	0.008963	48.960
19.99	20.01	0.008980	49.061
19.99	20.01	0.008996	49.160
19.99	20.01	0.009013	49.260
19.99	20.01	0.009030	49.360
19.99	20.01	0.009046	49.460
19.99	20.01	0.009063	49.559
19.99	20.01	0.009080	49.660
19.99	20.01	0.009096	49.760
19.99	20.01	0.009113	49.860
19.99	20.01	0.009130	49.960
19.99	20.01	0.009146	50.060
19.99	20.00	0.009163	50.160
19.99	20.00	0.009180	50.260
20.01	20.00	0.009196	50.360
20.01	20.00	0.009213	50.459
20.01	20.00	0.009230	50.560
20.01	20.00	0.009246	50.660
20.01	20.00	0.009263	50.760
20.01	19.99	0.009280	50.860
20.01	19.99	0.009296	50.960
20.01	19.99	0.009313	51.060
20.01	19.99	0.009330	51.159
20.01	19.99	0.009346	51.260
20.01	19.99	0.009363	51.360
20.01	19.99	0.009380	51.460
20.01	19.99	0.009396	51.560
20.01	19.99	0.009413	51.660
20.01	19.99	0.009430	51.760
20.01	19.99	0.009446	51.860
20.01	19.99	0.009463	51.960
20.01	19.99	0.009480	52.059
20.01	20.00	0.009496	52.160
20.01	20.00	0.009513	52.260
20.01	20.00	0.009530	52.360
19.99	20.00	0.009546	52.460
19.99	20.00	0.009563	52.560
19.99	20.00	0.009579	52.660
19.99	20.00	0.009596	52.760
19.99	20.00	0.009613	52.860
19.99	20.01	0.009629	52.960
19.99	20.01	0.009646	53.060
19.99	20.01	0.009663	53.160
19.99	20.01	0.009679	53.260
19.99	20.01	0.009696	53.360
19.99	20.01	0.009713	53.460
19.99	20.01	0.009729	53.560
19.99	20.01	0.009746	53.659
19.99	20.01	0.009763	53.760
19.99	20.01	0.009779	53.860
19.99	20.01	0.009796	53.960
19.99	20.01	0.009813	54.060
19.99	20.01	0.009829	54.160
19.99	20.00	0.009846	54.260
19.99	20.00	0.009863	54.360
19.99	20.00	0.009879	54.460
20.01	20.00	0.009896	54.559
20.01	20.00	0.009913	54.659
20.01	20.00	0.009929	54.759
20.01	20.00	0.009946	54.884
20.01	19.99	0.009963	54.988
20.01	19.99	0.009979	55.083
20.01	19.99	0.009996	55.182
20.01	19.99	0.010013	55.287
20.01	19.99	0.010029	55.381
20.01	19.99	0.010046	55.481
20.01	19.99	0.010063	55.585
20.01	19.99	0.010079	55.680
20.01	19.99	0.010096	55.781
20.01	19.99	0.010113	55.884
20.01	19.99	0.010129	55.979
20.01	19.99	0.010146	56.080
20.01	19.99	0.010163	56.183
19.99	20.00	0.010179	56.277
19.99	20.00	0.010196	56.380
19.99	20.00	0.010213	56.482
19.99	20.00	0.010229	56.576
19.99	20.00	0.010246	56.680
19.99	20.00	0.010263	56.780
19.99	20.00	0.010279	56.875
19.99	20.00	0.010296	56.979
19.99	20.01	0.010313	57.080
19.99	20.01	0.010329	57.174
19.99	20.01	0.010346	57.279
19.99	20.01	0.010363	57.379
19.99	20.01	0.010379	57.473
19.99	20.01	0.010396	57.578
19.99	20.01	0.010412	57.677
19.99	20.01	0.010429	57.772
19.99	20.01	0.010446	57.876
19.99	20.01	0.010462	57.976
19.99	20.01	0.010479	58.071
19.99	20.01	0.010496	58.175
20.01	20.01	0.010512	58.270
20.01	20.00	0.010529	58.369
20.01	20.00	0.010546	58.474
20.01	20.00	0.010562	58.568
20.01	20.00	0.010579	58.668
20.01	20.00	0.010596	58.773
20.01	20.00	0.010612	58.867
20.01	20.00	0.010629	58.968
20.01	19.99	0.010646	59.072
20.01	19.99	0.010662	59.167
20.01	19.99	0.010679	59.266
20.01	19.99	0.010696	59.371
20.01	19.99	0.010712	59.465
20.01	19.99	0.010729	59.565
20.01	19.99	0.010746	59.670
20.01	19.99	0.010762	59.764
20.01	19.99	0.010779	59.864
20.01	19.99	0.010796	59.968
20.01	19.99	0.010812	00.063
20.01	19.99	0.010829	00.162
20.01	19.99	0.010846	00.267
20.01	20.00	0.010862	00.361
20.01	20.00	0.010879	00.461
20.01	20.00	0.010896	00.566
19.99	20.00	0.010912	00.660
19.99	20.00	0.010929	00.760
19.99	20.00	0.010946	00.864
19.99	20.00	0.010962	00.960
19.99	20.00	0.010979	01.060
19.99	20.01	0.010996	01.163
19.99	20.01	0.011012	01.260
19.99	20.01	0.011029	01.360
19.99	20.01	0.011046	01.462
19.99	20.01	0.011062	01.560
19.99	20.01	0.011079	01.660
19.99	20.01	0.011096	01.761
19.99	20.01	0.011112	01.860
19.99	20.01	0.011129	01.959
19.99	20.01	0.011146	02.060
19.99	20.01	0.011162	02.160
19.99	20.01	0.011179	02.260
19.99	20.01	0.011196	02.360
19.99	20.00	0.011212	02.460
19.99	20.00	0.011229	02.560
19.99	20.00	0.011245	02.660
20.01	20.00	0.011262	02.760
20.01	20.00	0.011279	02.859
20.01	20.00	0.011295	02.960
20.01	20.00	0.011312	03.060
20.01	19.99	0.011329	03.160
20.01	19.99	0.011345	03.260
20.01	19.99	0.011362	03.360
20.01	19.99	0.011379	03.460
20.01	19.99	0.011395	03.560
20.01	19.99	0.011412	03.660
20.01	19.99	0.011429	03.759
20.01	19.99	0.011445	03.860
20.01	19.99	0.011462	03.960
20.01	19.99	0.011479	04.060
20.01	19.99	0.011495	04.160
20.01	19.99	0.011512	04.260
20.01	19.99	0.011529	04.360
19.99	20.00	0.011545	04.459
19.99	20.00	0.011562	04.560
19.99	20.00	0.011579	04.660
19.99	20.00	0.011595	04.760
19.99	20.00	0.011612	04.860
19.99	20.00	0.011629	04.960
19.99	20.00	0.011645	05.060
19.99	20.00	0.011662	05.160
19.99	20.01	0.011679	05.260
19.99	20.01	0.011695	05.359
19.99	20.01	0.011712	05.460
19.99	20.01	0.011729	05.560
19.99	20.01	0.011745	05.660
19.99	20.01	0.011762	05.761
19.99	20.01	0.011779	05.861
19.99	20.01	0.011795	05.961
19.99	20.01	0.011812	06.061
19.99	20.01	0.011829	06.161
19.99	20.01	0.011845	06.260
19.99	20.01	0.011862	06.361
19.99	20.01	0.011879	06.461
20.01	20.00	0.011895	06.561
20.01	20.00	0.011912	06.661
20.01	20.00	0.011929	06.761
20.01	20.00	0.011945	06.861
20.01	20.00	0.011962	06.990
20.01	20.00	0.011979	07.060
20.01	20.00	0.011995	07.185
20.01	19.99	0.012012	07.289
20.01	19.99	0.012029	07.384
20.01	19.99	0.012045	07.484
20.01	19.99	0.012062	07.588
20.01	19.99	0.012078	07.683
20.01	19.99	0.012095	07.783
20.01	19.99	0.012112	07.887
20.01	19.99	0.012128	07.982
20.01	19.99	0.012145	08.081
20.01	19.99	0.012162	08.186
20.01	19.99	0.012178	08.281
20.01	19.99	0.012195	08.380
20.01	19.99	0.012212	08.485
20.01	20.00	0.012228	08.579
19.99	20.00	0.012245	08.679
19.99	20.00	0.012262	08.783
19.99	20.00	0.012278	08.878
19.99	20.00	0.012295	08.979
19.99	20.00	0.012312	09.082
19.99	20.00	0.012328	09.177
19.99	20.00	0.012345	09.279
19.99	20.01	0.012362	09.381
19.99	20.01	0.012378	09.475
19.99	20.01	0.012395	09.579
19.99	20.01	0.012412	09.679
19.99	20.01	0.012428	09.774
19.99	20.01	0.012445	09.879
19.99	20.01	0.012462	09.978
19.99	20.01	0.012478	10.073
19.99	20.01	0.012495	10.178
19.99	20.01	0.012512	10.278
19.99	20.01	0.012528	10.372
19.99	20.01	0.012545	10.477
19.99	20.01	0.012562	10.576
20.01	20.00	0.012578	10.671
20.01	20.00	0.012595	10.776
20.01	20.00	0.012612	10.875
20.01	20.00	0.012628	10.970
20.01	20.00	0.012645	11.074
20.01	20.00	0.012662	11.169
20.01	20.00	0.012678	11.268
20.01	19.99	0.012695	11.373
20.01	19.99	0.012712	11.468
20.01	19.99	0.012728	11.568
20.01	19.99	0.012745	11.672
20.01	19.99	0.012762	11.767
20.01	19.99	0.012778	11.866
20.01	19.99	0.012795	11.971
20.01	19.99	0.012812	12.065
20.01	19.99	0.012828	12.165
20.01	19.99	0.012845	12.270
20.01	19.99	0.012862	12.364
20.01	19.99	0.012878	12.464
20.01	19.99	0.012895	12.568
19.99	20.00	0.012911	12.663
19.99	20.00	0.012928	12.762
19.99	20.00	0.012945	12.867
19.99	20.00	0.012961	12.961
19.99	20.00	0.012978	13.062
19.99	20.00	0.012995	13.166
19.99	20.00	0.013011	13.262
19.99	20.00	0.013028	13.362
19.99	20.01	0.013045	13.464
19.99	20.01	0.013061	13.562
19.99	20.01	0.013078	13.662
19.99	20.01	0.013095	13.763
19.99	20.01	0.013111	13.862
19.99	20.01	0.013128	13.962
19.99	20.01	0.013145	14.063
19.99	20.01	0.013161	14.162
19.99	20.01	0.013178	14.262
19.99	20.01	0.013195	14.362
19.99	20.01	0.013211	14.462
19.99	20.01	0.013228	14.562
20.01	20.01	0.013245	14.661
20.01	20.00	0.013261	14.762
20.01	20.00	0.013278	14.862
20.01	20.00	0.013295	14.962
20.01	20.00	0.013311	15.062
20.01	20.00	0.013328	15.162
20.01	20.00	0.013345	15.262
20.01	20.00	0.013361	15.361
20.01	19.99	0.013378	15.461
20.01	19.99	0.013395	15.562
20.01	19.99	0.013411	15.662
20.01	19.99	0.013428	15.762
20.01	19.99	0.013445	15.862
20.01	19.99	0.013461	15.962
20.01	19.99	0.013478	16.062
20.01	19.99	0.013495	16.161
20.01	19.99	0.013511	16.262
20.01	19.99	0.013528	16.362
20.01	19.99	0.013545	16.462
20.01	19.99	0.013561	16.562
20.01	19.99	0.013578	16.662
20.01	20.00	0.013595	16.762
20.01	20.00	0.013611	16.862
20.01	20.00	0.013628	16.962
20.01	20.00	0.013645	17.061
19.99	20.00	0.013661	17.162
19.99	20.00	0.013678	17.262
19.99	20.00	0.013695	17.362
19.99	20.00	0.013711	17.462
19.99	20.01	0.013728	17.562
19.99	20.01	0.013744	17.662
19.99	20.01	0.013761	17.762
19.99	20.01	0.013778	17.862
19.99	20.01	0.013794	17.961
19.99	20.01	0.013811	18.062
19.99	20.01	0.013828	18.162
19.99	20.01	0.013844	18.262
19.99	20.01	0.013861	18.362
19.99	20.01	0.013878	18.462
19.99	20.01	0.013894	18.562
19.99	20.01	0.013911	18.661
19.99	20.01	0.013928	18.762
19.99	20.00	0.013944	18.862
19.99	20.00	0.013961	18.962
19.99	20.00	0.013978	19.062
20.01	20.00	0.013994	19.162
20.01	20.00	0.014011	19.262
20.01	20.00	0.014028	19.362
20.01	20.00	0.014044	19.461
20.01	19.99	0.014061	19.591
20.01	19.99	0.014078	19.685
20.01	19.99	0.014094	19.785
20.01	19.99	0.014111	19.890
20.01	19.99	0.014128	19.984
20.01	19.99	0.014144	20.084
20.01	19.99	0.014161	20.188
20.01	19.99	0.014178	20.283
20.01	19.99	0.014194	20.382
20.01	19.99	0.014211	20.487
20.01	19.99	0.014228	20.582
20.01	19.99	0.014244	20.681
20.01	19.99	0.014261	20.786
19.99	20.00	0.014278	20.880
19.99	20.00	0.014294	20.980
19.99	20.00	0.014311	21.085
19.99	20.00	0.014328	21.179
19.99	20.00	0.014344	21.279
19.99	20.00	0.014361	21.384
19.99	20.00	0.014378	21.478
19.99	20.00	0.014394	21.578
19.99	20.01	0.014411	21.682
19.99	20.01	0.014428	21.777
19.99	20.01	0.014444	21.877
19.99	20.01	0.014461	21.981
19.99	20.01	0.014478	22.075
19.99	20.01	0.014494	22.177
19.99	20.01	0.014511	22.280
19.99	20.01	0.014528	22.374
19.99	20.01	0.014544	22.478
19.99	20.01	0.014561	22.578
19.99	20.01	0.014577	22.673
19.99	20.01	0.014594	22.777
19.99	20.01	0.014611	22.878
19.99	20.00	0.014627	22.973
19.99	20.00	0.014644	23.077
20.01	20.00	0.014661	23.177
20.01	20.00	0.014677	23.271
20.01	20.00	0.014694	23.376
20.01	20.00	0.014711	23.475
20.01	20.00	0.014727	23.570
20.01	19.99	0.014744	23.674
20.01	19.99	0.014761	23.774
20.01	19.99	0.014777	23.869
20.01	19.99	0.014794	23.973
20.01	19.99	0.014811	24.073
20.01	19.99	0.014827	24.167
20.01	19.99	0.014844	24.272
20.01	19.99	0.014861	24.366
20.01	19.99	0.014877	24.466
20.01	19.99	0.014894	24.571
20.01	19.99	0.014911	24.665
20.01	19.99	0.014927	24.765
20.01	19.99	0.014944	24.870
20.01	20.00	0.014961	24.965
19.99	20.00	0.014977	25.064
19.99	20.00	0.014994	25.169
19.99	20.00	0.015011	25.263
19.99	20.00	0.015027	25.363
19.99	20.00	0.015044	25.468
19.99	20.00	0.015061	25.562
19.99	20.00	0.015077	25.663
19.99	20.01	0.015094	25.766
19.99	20.01	0.015111	25.863
19.99	20.01	0.015127	25.963
19.99	20.01	0.015144	26.065
19.99	20.01	0.015161	26.162
19.99	20.01	0.015177	26.263
19.99	20.01	0.015194	26.364
19.99	20.01	0.015211	26.463
19.99	20.01	0.015227	26.563
19.99	20.01	0.015244	26.663
19.99	20.01	0.015261	26.763
19.99	20.01	0.015277	26.863
19.99	20.01	0.015294	26.963
20.01	20.00	0.015311	27.063
20.01	20.00	0.015327	27.163
20.01	20.00	0.015344	27.263
20.01	20.00	0.015361	27.363
20.01	20.00	0.015377	27.463
20.01	20.00	0.015394	27.563
20.01	20.00	0.015410	27.663
20.01	19.99	0.015427	27.762
20.01	19.99	0.015444	27.863
20.01	19.99	0.015460	27.963
20.01	19.99	0.015477	28.063
20.01	19.99	0.015494	28.163
20.01	19.99	0.015510	28.263
20.01	19.99	0.015527	28.363
20.01	19.99	0.015544	28.463
20.01	19.99	0.015560	28.563
20.01	19.99	0.015577	28.662
20.01	19.99	0.015594	28.763
20.01	19.99	0.015610	28.863
20.01	19.99	0.015627	28.963
20.01	20.00	0.015644	29.063
20.01	20.00	0.015660	29.163
20.01	20.00	0.015677	29.263
19.99	20.00	0.015694	29.362
19.99	20.00	0.015710	29.463
19.99	20.00	0.015727	29.563
19.99	20.00	0.015744	29.663
19.99	20.00	0.015760	29.763
19.99	20.01	0.015777	29.863
19.99	20.01	0.015794	29.963
19.99	20.01	0.015810	30.063
19.99	20.01	0.015827	30.163
19.99	20.01	0.015844	30.262
19.99	20.01	0.015860	30.363
19.99	20.01	0.015877	30.463
19.99	20.01	0.015894	30.563
19.99	20.01	0.015910	30.663
19.99	20.01	0.015927	30.763
19.99	20.01	0.015944	30.863
19.99	20.01	0.015960	30.963
19.99	20.01	0.015977	31.063
19.99	20.00	0.015994	31.162
20.01	20.00	0.016010	31.263
20.01	20.00	0.016027	31.363
20.01	20.00	0.016044	31.463
20.01	20.00	0.016060	31.563
20.01	20.00	0.016077	31.663
20.01	20.00	0.016094	31.763
20.01	19.99	0.016110	31.892
20.01	19.99	0.016127	31.987
20.01	19.99	0.016144	32.086
20.01	19.99	0.016160	32.191
20.01	19.99	0.016177	32.286
20.01	19.99	0.016194	32.385
20.01	19.99	0.016210	32.490
20.01	19.99	0.016227	32.584
20.01	19.99	0.016244	32.684
20.01	19.99	0.016260	32.788
20.01	19.99	0.016277	32.883
20.01	19.99	0.016293	32.982
20.01	19.99	0.016310	33.087
20.01	20.00	0.016327	33.182
19.99	20.00	0.016343	33.281
19.99	20.00	0.016360	33.386
19.99	20.00	0.016377	33.480
19.99	20.00	0.016393	33.581
19.99	20.00	0.016410	33.685
19.99	20.00	0.016427	33.780
19.99	20.00	0.016443	33.879
19.99	20.01	0.016460	33.984
19.99	20.01	0.016477	34.078
19.99	20.01	0.016493	34.178
19.99	20.01	0.016510	34.282
19.99	20.01	0.016527	34.377
19.99	20.01	0.016543	34.476
19.99	20.01	0.016560	34.581
19.99	20.01	0.016577	34.676
19.99	20.01	0.016593	34.776
19.99	20.01	0.016610	34.881
19.99	20.01	0.016627	34.975
19.99	20.01	0.016643	35.076
19.99	20.01	0.016660	35.179
20.01	20.00	0.016677	35.274
20.01	20.00	0.016693	35.376
20.01	20.00	0.016710	35.478
20.01	20.00	0.016727	35.573
20.01	20.00	0.016743	35.676
20.01	20.00	0.016760	35.777
20.01	20.00	0.016777	35.871
20.01	19.99	0.016793	35.976
20.01	19.99	0.016810	36.075
20.01	19.99	0.016827	36.170
20.01	19.99	0.016843	36.274
20.01	19.99	0.016860	36.374
20.01	19.99	0.016877	36.469
20.01	19.99	0.016893	36.573
20.01	19.99	0.016910	36.673
20.01	19.99	0.016927	36.767
20.01	19.99	0.016943	36.873
20.01	19.99	0.016960	36.972
20.01	19.99	0.016977	37.067
20.01	19.99	0.016993	37.172
20.01	20.00	0.017010	37.266
19.99	20.00	0.017027	37.366
19.99	20.00	0.017043	37.470
19.99	20.00	0.017060	37.565
19.99	20.00	0.017077	37.664
19.99	20.00	0.017093	37.769
19.99	20.00	0.017110	37.863
19.99	20.00	0.017126	37.964
19.99	20.01	0.017143	38.068
19.99	20.01	0.017160	38.164
19.99	20.01	0.017176	38.264
19.99	20.01	0.017193	38.366
19.99	20.01	0.017210	38.464
19.99	20.01	0.017226	38.564
19.99	20.01	0.017243	38.665
19.99	20.01	0.017260	38.764
19.99	20.01	0.017276	38.864
19.99	20.01	0.017293	38.964
19.99	20.01	0.017310	39.064
19.99	20.01	0.017326	39.164
19.99	20.01	0.017343	39.264
20.01	20.00	0.017360	39.364
20.01	20.00	0.017376	39.463
20.01	20.00	0.017393	39.564
20.01	20.00	0.017410	39.664
20.01	20.00	0.017426	39.764
20.01	20.00	0.017443	39.864
20.01	20.00	0.017460	39.964
20.01	19.99	0.017476	40.064
20.01	19.99	0.017493	40.163
20.01	19.99	0.017510	40.263
20.01	19.99	0.017526	40.364
20.01	19.99	0.017543	40.464
20.01	19.99	0.017560	40.564
20.01	19.99	0.017576	40.664
20.01	19.99	0.017593	40.764
20.01	19.99	0.017610	40.864
20.01	19.99	0.017626	40.963
20.01	19.99	0.017643	41.064
20.01	19.99	0.017660	41.164
20.01	19.99	0.017676	41.264
20.01	20.00	0.017693	41.364
20.01	20.00	0.017710	41.464
19.99	20.00	0.017726	41.564
19.99	20.00	0.017743	41.664
19.99	20.00	0.017760	41.764
19.99	20.00	0.017776	41.863
19.99	20.00	0.017793	41.963
19.99	20.00	0.017810	42.064
19.99	20.01	0.017826	42.164
19.99	20.01	0.017843	42.264
19.99	20.01	0.017860	42.364
19.99	20.01	0.017876	42.464
19.99	20.01	0.017893	42.564
19.99	20.01	0.017910	42.664
19.99	20.01	0.017926	42.763
19.99	20.01	0.017943	42.864
19.99	20.01	0.017959	42.964
19.99	20.01	0.017976	43.064
19.99	20.01	0.017993	43.164
19.99	20.01	0.018009	43.264
19.99	20.01	0.018026	43.364
20.01	20.00	0.018043	43.464
20.01	20.00	0.018059	43.564
20.01	20.00	0.018076	43.664
20.01	20.00	0.018093	43.764
20.01	20.00	0.018109	43.864
20.01	20.00	0.018126	43.964
20.01	20.00	0.018143	44.064
20.01	19.99	0.018159	44.193
20.01	19.99	0.018176	44.293
20.01	19.99	0.018193	44.387
20.01	19.99	0.018209	44.493
20.01	19.99	0.018226	44.592
20.01	19.99	0.018243	44.687
20.01	19.99	0.018259	44.792
20.01	19.99	0.018276	44.891
20.01	19.99	0.018293	44.986
20.01	19.99	0.018309	45.090
20.01	19.99	0.018326	45.184
20.01	19.99	0.018343	45.284
20.01	19.99	0.018359	45.388
20.01	20.00	0.018376	45.483
19.99	20.00	0.018393	45.583
19.99	20.00	0.018409	45.687
19.99	20.00	0.018426	45.782
19.99	20.00	0.018443	45.881
19.99	20.00	0.018459	45.987
19.99	20.00	0.018476	46.080
19.99	20.00	0.018493	46.181
19.99	20.01	0.018509	46.286
19.99	20.01	0.018526	46.380
19.99	20.01	0.018543	46.480
19.99	20.01	0.018559	46.584
19.99	20.01	0.018576	46.679
19.99	20.01	0.018593	46.778
19.99	20.01	0.018609	46.883
19.99	20.01	0.018626	46.977
19.99	20.01	0.018643	47.077
19.99	20.01	0.018659	47.182
19.99	20.01	0.018676	47.276
19.99	20.01	0.018693	47.376
19.99	20.01	0.018709	47.480
19.99	20.00	0.018726	47.575
20.01	20.00	0.018743	47.675
20.01	20.00	0.018759	47.779
20.01	20.00	0.018776	47.875
20.01	20.00	0.018792	47.975
20.01	20.00	0.018809	48.079
20.01	20.00	0.018826	48.173
20.01	19.99	0.018842	48.275
20.01	19.99	0.018859	48.377
20.01	19.99	0.018876	48.472
20.01	19.99	0.018892	48.575
20.01	19.99	0.018909	48.676
20.01	19.99	0.018926	48.771
20.01	19.99	0.018942	48.875
20.01	19.99	0.018959	48.975
20.01	19.99	0.018976	49.069
20.01	19.99	0.018992	49.174
20.01	19.99	0.019009	49.273
20.01	19.99	0.019026	49.368
20.01	19.99	0.019042	49.473
20.01	20.00	0.019059	49.572
19.99	20.00	0.019076	49.667
19.99	20.00	0.019092	49.771
19.99	20.00	0.019109	49.871
19.99	20.00	0.019126	49.965
19.99	20.00	0.019142	50.070
19.99	20.00	0.019159	50.164
19.99	20.00	0.019176	50.265
19.99	20.01	0.019192	50.369
19.99	20.01	0.019209	50.465
19.99	20.01	0.019226	50.565
19.99	20.01	0.019242	50.667
19.99	20.01	0.019259	50.765
19.99	20.01	0.019276	50.865
19.99	20.01	0.019292	50.966
19.99	20.01	0.019309	51.064
19.99	20.01	0.019326	51.165
19.99	20.01	0.019342	51.266
19.99	20.01	0.019359	51.365
19.99	20.01	0.019376	51.465
19.99	20.01	0.019392	51.565
19.99	20.00	0.019409	51.665
20.01	20.00	0.019426	51.764
20.01	20.00	0.019442	51.865
20.01	20.00	0.019459	51.965
20.01	20.00	0.019476	52.065
20.01	20.00	0.019492	52.165
20.01	20.00	0.019509	52.265
20.01	19.99	0.019526	52.365
20.01	19.99	0.019542	52.465
20.01	19.99	0.019559	52.565
20.01	19.99	0.019576	52.664
20.01	19.99	0.019592	52.765
20.01	19.99	0.019609	52.865
20.01	19.99	0.019625	52.965
20.01	19.99	0.019642	53.065
20.01	19.99	0.019659	53.170
20.01	19.99	0.019675	53.265
20.01	19.99	0.019692	53.365
20.01	19.99	0.019709	53.465
20.01	19.99	0.019725	53.564
19.99	20.00	0.019742	53.665
19.99	20.00	0.019759	53.765
19.99	20.00	0.019775	53.865
19.99	20.00	0.019792	53.965
19.99	20.00	0.019809	54.070
19.99	20.00	0.019825	54.165
19.99	20.00	0.019842	54.264
19.99	20.00	0.019859	54.365
19.99	20.01	0.019875	54.465
19.99	20.01	0.019892	54.565
19.99	20.01	0.019909	54.670
19.99	20.01	0.019925	54.766
19.99	20.01	0.019942	54.866
19.99	20.01	0.019959	54.969
19.99	20.01	0.019975	55.066
19.99	20.01	0.019992	55.165
19.99	20.01	0.020009	55.270
19.99	20.01	0.020025	55.366
19.99	20.01	0.020042	55.466
19.99	20.01	0.020059	55.570
19.99	20.01	0.020075	55.666
20.01	20.00	0.020092	55.766
20.01	20.00	0.020109	55.869
20.01	20.00	0.020125	55.965
20.01	20.00	0.020142	56.066
20.01	20.00	0.020159	56.170
20.01	20.00	0.020175	56.266
20.01	20.00	0.020192	56.366
20.01	19.99	0.020209	56.469
20.01	19.99	0.020225	56.595
20.01	19.99	0.020242	56.689
20.01	19.99	0.020259	56.794
20.01	19.99	0.020275	56.893
20.01	19.99	0.020292	56.988
20.01	19.99	0.020309	57.093
20.01	19.99	0.020325	57.192
20.01	19.99	0.020342	57.287
20.01	19.99	0.020359	57.391
20.01	19.99	0.020375	57.491
20.01	19.99	0.020392	57.585
20.01	19.99	0.020409	57.690
20.01	20.00	0.020425	57.789
19.99	20.00	0.020442	57.884
19.99	20.00	0.020458	57.989
19.99	20.00	0.020475	58.083
19.99	20.00	0.020492	58.183
19.99	20.00	0.020508	58.287
19.99	20.00	0.020525	58.383
19.99	20.00	0.020542	58.482
19.99	20.01	0.020558	58.587
19.99	20.01	0.020575	58.682
19.99	20.01	0.020592	58.781
19.99	20.01	0.020608	58.886
19.99	20.01	0.020625	58.980
19.99	20.01	0.020642	59.080
19.99	20.01	0.020658	59.184
19.99	20.01	0.020675	59.279
19.99	20.01	0.020692	59.378
19.99	20.01	0.020708	59.483
19.99	20.01	0.020725	59.578
19.99	20.01	0.020742	59.677
19.99	20.01	0.020758	59.782
20.01	20.00	0.020775	59.876
20.01	20.00	0.020792	59.976
20.01	20.00	0.020808	00.081
20.01	20.00	0.020825	00.176
20.01	20.00	0.020842	00.275
20.01	20.00	0.020858	00.379
20.01	20.00	0.020875	00.474
20.01	19.99	0.020892	00.573
20.01	19.99	0.020908	00.678
20.01	19.99	0.020925	00.773
20.01	19.99	0.020942	00.874
20.01	19.99	0.020958	00.978
20.01	19.99	0.020975	01.071
20.01	19.99	0.020992	01.174
20.01	19.99	0.021008	01.276
20.01	19.99	0.021025	01.371
20.01	19.99	0.021042	01.473
20.01	19.99	0.021058	01.575
20.01	19.99	0.021075	01.670
20.01	19.99	0.021092	01.773
20.01	20.00	0.021108	01.874
19.99	20.00	0.021125	01.968
19.99	20.00	0.021142	02.073
19.99	20.00	0.021158	02.172
19.99	20.00	0.021175	02.267
19.99	20.00	0.021192	02.372
19.99	20.00	0.021208	02.471
19.99	20.00	0.021225	02.566
19.99	20.01	0.021242	02.670
19.99	20.01	0.021258	02.770
19.99	20.01	0.021275	02.867
19.99	20.01	0.021291	02.969
19.99	20.01	0.021308	03.069
19.99	20.01	0.021325	03.167
19.99	20.01	0.021341	03.268
19.99	20.01	0.021358	03.369
19.99	20.01	0.021375	03.467
19.99	20.01	0.021391	03.567
19.99	20.01	0.021408	03.669
19.99	20.01	0.021425	03.767
19.99	20.01	0.021441	03.867
20.01	20.00	0.021458	03.969
20.01	20.00	0.021475	04.067
20.01	20.00	0.021491	04.167
20.01	20.00	0.021508	04.269
20.01	20.00	0.021525	04.367
20.01	20.00	0.021541	04.467
20.01	20.00	0.021558	04.569
20.01	19.99	0.021575	04.667
20.01	19.99	0.021591	04.767
20.01	19.99	0.021608	04.869
20.01	19.99	0.021625	04.966
20.01	19.99	0.021641	05.067
20.01	19.99	0.021658	05.169
20.01	19.99	0.021675	05.267
20.01	19.99	0.021691	05.367
20.01	19.99	0.021708	05.468
20.01	19.99	0.021725	05.567
20.01	19.99	0.021741	05.666
20.01	19.99	0.021758	05.769
20.01	19.99	0.021775	05.867
20.01	20.00	0.021791	05.967
19.99	20.00	0.021808	06.069
19.99	20.00	0.021825	06.167
19.99	20.00	0.021841	06.267
19.99	20.00	0.021858	06.368
19.99	20.00	0.021875	06.467
19.99	20.00	0.021891	06.566
19.99	20.00	0.021908	06.669
19.99	20.01	0.021925	06.767
19.99	20.01	0.021941	06.867
19.99	20.01	0.021958	06.969
19.99	20.01	0.021975	07.067
19.99	20.01	0.021991	07.167
19.99	20.01	0.022008	07.268
19.99	20.01	0.022025	07.367
19.99	20.01	0.022041	07.466
19.99	20.01	0.022058	07.569
19.99	20.01	0.022075	07.667
19.99	20.01	0.022091	07.767
19.99	20.01	0.022108	07.869
19.99	20.01	0.022124	07.967
19.99	20.00	0.022141	08.067
20.01	20.00	0.022158	08.168
20.01	20.00	0.022174	08.267
20.01	20.00	0.022191	08.367
20.01	20.00	0.022208	08.469
20.01	20.00	0.022224	08.567
20.01	20.00	0.022241	08.667
20.01	19.99	0.022258	08.769
20.01	19.99	0.022274	08.896
20.01	19.99	0.022291	08.991
20.01	19.99	0.022308	09.068
20.01	19.99	0.022324	09.195
20.01	19.99	0.022341	09.290
20.01	19.99	0.022358	09.369
20.01	19.99	0.022374	09.494
20.01	19.99	0.022391	09.589
20.01	19.99	0.022408	09.693
20.01	19.99	0.022424	09.793
20.01	19.99	0.022441	09.887
20.01	19.99	0.022458	09.992
20.01	20.00	0.022474	10.091
19.99	20.00	0.022491	10.186
19.99	20.00	0.022508	10.291
19.99	20.00	0.022524	10.390
19.99	20.00	0.022541	10.485
19.99	20.00	0.022558	10.589
19.99	20.00	0.022574	10.689
19.99	20.00	0.022591	10.783
19.99	20.01	0.022608	10.888
19.99	20.01	0.022624	10.983
19.99	20.01	0.022641	11.082
19.99	20.01	0.022658	11.187
19.99	20.01	0.022674	11.281
19.99	20.01	0.022691	11.381
19.99	20.01	0.022708	11.485
19.99	20.01	0.022724	11.580
19.99	20.01	0.022741	11.679
19.99	20.01	0.022758	11.784
19.99	20.01	0.022774	11.879
19.99	20.01	0.022791	11.979
19.99	20.01	0.022808	12.084
19.99	20.00	0.022824	12.178
20.01	20.00	0.022841	12.278
20.01	20.00	0.022858	12.382
20.01	20.00	0.022874	12.477
20.01	20.00	0.022891	12.576
20.01	20.00	0.022908	12.681
20.01	20.00	0.022924	12.776
20.01	19.99	0.022941	12.875
20.01	19.99	0.022957	12.980
20.01	19.99	0.022974	13.074
20.01	19.99	0.022991	13.174
20.01	19.99	0.023007	13.278
20.01	19.99	0.023024	13.373
20.01	19.99	0.023041	13.473
20.01	19.99	0.023057	13.577
20.01	19.99	0.023074	13.672
20.01	19.99	0.023091	13.772
20.01	19.99	0.023107	13.876
20.01	19.99	0.023124	13.970
20.01	19.99	0.023141	14.073
19.99	20.00	0.023157	14.175
19.99	20.00	0.023174	14.270
19.99	20.00	0.023191	14.372
19.99	20.00	0.023207	14.474
19.99	20.00	0.023224	14.568
19.99	20.00	0.023241	14.673
19.99	20.00	0.023257	14.772
19.99	20.00	0.023274	14.868
19.99	20.01	0.023291	14.971
19.99	20.01	0.023307	15.071
19.99	20.01	0.023324	15.168
19.99	20.01	0.023341	15.270
19.99	20.01	0.023357	15.370
19.99	20.01	0.023374	15.468
19.99	20.01	0.023391	15.569
19.99	20.01	0.023407	15.668
19.99	20.01	0.023424	15.768
19.99	20.01	0.023441	15.869
19.99	20.01	0.023457	15.968
19.99	20.01	0.023474	16.068
19.99	20.01	0.023491	16.168
20.01	20.00	0.023507	16.268
20.01	20.00	0.023524	16.368
20.01	20.00	0.023541	16.468
20.01	20.00	0.023557	16.567
20.01	20.00	0.023574	16.668
20.01	20.00	0.023591	16.768
20.01	20.00	0.023607	16.868
20.01	19.99	0.023624	16.969
20.01	19.99	0.023641	17.069
20.01	19.99	0.023657	17.169
20.01	19.99	0.023674	17.269
20.01	19.99	0.023691	17.369
20.01	19.99	0.023707	17.468
20.01	19.99	0.023724	17.569
20.01	19.99	0.023741	17.669
20.01	19.99	0.023757	17.769
20.01	19.99	0.023774	17.869
20.01	19.99	0.023790	17.969
20.01	19.99	0.023807	18.069
20.01	19.99	0.023824	18.168
20.01	20.00	0.023840	18.269
20.01	20.00	0.023857	18.369
19.99	20.00	0.023874	18.469
19.99	20.00	0.023890	18.569
19.99	20.00	0.023907	18.669
19.99	20.00	0.023924	18.769
19.99	20.00	0.023940	18.869
19.99	20.00	0.023957	18.969
19.99	20.01	0.023974	19.068
19.99	20.01	0.023990	19.169
19.99	20.01	0.024007	19.269
19.99	20.01	0.024024	19.369
19.99	20.01	0.024040	19.469
19.99	20.01	0.024057	19.569
19.99	20.01	0.024074	19.669
19.99	20.01	0.024090	19.769
19.99	20.01	0.024107	19.868
19.99	20.01	0.024124	19.969
19.99	20.01	0.024140	20.069
19.99	20.01	0.024157	20.169
19.99	20.01	0.024174	20.270
19.99	20.00	0.024190	20.370
20.01	20.00	0.024207	20.470
20.01	20.00	0.024224	20.570
20.01	20.00	0.024240	20.670
20.01	20.00	0.024257	20.769
20.01	20.00	0.024274	20.899
20.01	20.00	0.024290	20.994
20.01	19.99	0.024307	21.093
20.01	19.99	0.024324	21.198
20.01	19.99	0.024340	21.292
20.01	19.99	0.024357	21.392
20.01	19.99	0.024374	21.496
20.01	19.99	0.024390	21.591
20.01	19.99	0.024407	21.692
20.01	19.99	0.024424	21.795
20.01	19.99	0.024440	21.890
20.01	19.99	0.024457	21.992
20.01	19.99	0.024474	22.094
20.01	19.99	0.024490	22.188
20.01	19.99	0.024507	22.292
20.01	20.00	0.024524	22.392
19.99	20.00	0.024540	22.487
19.99	20.00	0.024557	22.591
19.99	20.00	0.024574	22.692
19.99	20.00	0.024590	22.786
19.99	20.00	0.024607	22.891
19.99	20.00	0.024623	22.990
19.99	20.00	0.024640	23.085
19.99	20.01	0.024657	23.189
19.99	20.01	0.024673	23.289
19.99	20.01	0.024690	23.384
19.99	20.01	0.024707	23.488
19.99	20.01	0.024723	23.588
19.99	20.01	0.024740	23.682
19.99	20.01	0.024757	23.787
19.99	20.01	0.024773	23.881
19.99	20.01	0.024790	23.981
19.99	20.01	0.024807	24.085
19.99	20.01	0.024823	24.180
19.99	20.01	0.024840	24.280
19.99	20.01	0.024857	24.384
19.99	20.00	0.024873	24.480
19.99	20.00	0.024890	24.579
19.99	20.00	0.024907	24.684
20.01	20.00	0.024923	24.778
20.01	20.00	0.024940	24.877
20.01	20.00	0.024957	24.982
20.01	20.00	0.024973	25.077
20.01	19.99	0.024990	25.176
20.01	19.99	0.025007	25.282
20.01	19.99	0.025023	25.375
20.01	19.99	0.025040	25.476
20.01	19.99	0.025057	25.580
20.01	19.99	0.025073	25.675
20.01	19.99	0.025090	25.775
20.01	19.99	0.025107	25.879
20.01	19.99	0.025123	25.974
20.01	19.99	0.025140	26.073
20.01	19.99	0.025157	26.178
20.01	19.99	0.025173	26.272
20.01	19.99	0.025190	26.372
20.01	20.00	0.025207	26.476
19.99	20.00	0.025223	26.571
19.99	20.00	0.025240	26.672
19.99	20.00	0.025257	26.775
19.99	20.00	0.025273	26.871
19.99	20.00	0.025290	26.971
19.99	20.00	0.025307	27.074
19.99	20.00	0.025323	27.171
19.99	20.01	0.025340	27.272
19.99	20.01	0.025357	27.372
19.99	20.01	0.025373	27.471
19.99	20.01	0.025390	27.572
19.99	20.01	0.025407	27.671
19.99	20.01	0.025423	27.771
19.99	20.01	0.025440	27.871
19.99	20.01	0.025456	27.971
19.99	20.01	0.025473	28.070
19.99	20.01	0.025490	28.171
19.99	20.01	0.025506	28.271
20.01	20.01	0.025523	28.371
20.01	20.01	0.025540	28.471
20.01	20.00	0.025556	28.571
20.01	20.00	0.025573	28.671
20.01	20.00	0.025590	28.771
20.01	20.00	0.025606	28.871
20.01	20.00	0.025623	28.970
20.01	20.00	0.025640	29.071
20.01	20.00	0.025656	29.171
20.01	19.99	0.025673	29.271
20.01	19.99	0.025690	29.371
20.01	19.99	0.025706	29.471
20.01	19.99	0.025723	29.571
20.01	19.99	0.025740	29.671
20.01	19.99	0.025756	29.771
20.01	19.99	0.025773	29.870
20.01	19.99	0.025790	29.971
20.01	19.99	0.025806	30.071
20.01	19.99	0.025823	30.171
20.01	19.99	0.025840	30.271
20.01	19.99	0.025856	30.371
20.01	19.99	0.025873	30.471
20.01	20.00	0.025890	30.570
19.99	20.00	0.025906	30.671
19.99	20.00	0.025923	30.771
19.99	20.00	0.025940	30.871
19.99	20.00	0.025956	30.971
19.99	20.00	0.025973	31.071
19.99	20.00	0.025990	31.171
19.99	20.00	0.026006	31.271
19.99	20.01	0.026023	31.371
19.99	20.01	0.026040	31.470
19.99	20.01	0.026056	31.571
19.99	20.01	0.026073	31.671
19.99	20.01	0.026090	31.771
19.99	20.01	0.026106	31.871
19.99	20.01	0.026123	31.971
19.99	20.01	0.026140	32.071
19.99	20.01	0.026156	32.171
19.99	20.01	0.026173	32.271
19.99	20.01	0.026190	32.370
19.99	20.01	0.026206	32.471
19.99	20.01	0.026223	32.571
19.99	20.00	0.026240	32.671
19.99	20.00	0.026256	32.771
20.01	20.00	0.026273	32.871
20.01	20.00	0.026289	32.971
20.01	20.00	0.026306	33.095
20.01	20.00	0.026323	33.170
20.01	20.00	0.026339	33.270
20.01	19.99	0.026356	33.394
20.01	19.99	0.026373	33.499
20.01	19.99	0.026389	33.593
20.01	19.99	0.026406	33.693
20.01	19.99	0.026423	33.798
20.01	19.99	0.026439	33.892
20.01	19.99	0.026456	33.992
20.01	19.99	0.026473	34.097
20.01	19.99	0.026489	34.191
20.01	19.99	0.026506	34.292
20.01	19.99	0.026523	34.395
20.01	19.99	0.026539	34.490
19.99	19.99	0.026556	34.591
19.99	20.00	0.026573	34.694
19.99	20.00	0.026589	34.789
19.99	20.00	0.026606	34.891
19.99	20.00	0.026623	34.993
19.99	20.00	0.026639	35.088
19.99	20.00	0.026656	35.191
19.99	20.00	0.026673	35.292
19.99	20.00	0.026689	35.386
19.99	20.01	0.026706	35.491
19.99	20.01	0.026723	35.590
19.99	20.01	0.026739	35.685
19.99	20.01	0.026756	35.790
19.99	20.01	0.026773	35.889
19.99	20.01	0.026789	35.984
19.99	20.01	0.026806	36.088
19.99	20.01	0.026823	36.188
19.99	20.01	0.026839	36.282
19.99	20.01	0.026856	36.387
19.99	20.01	0.026873	36.486
19.99	20.01	0.026889	36.581
19.99	20.01	0.026906	36.686
19.99	20.00	0.026923	36.781
20.01	20.00	0.026939	36.881
20.01	20.00	0.026956	36.985
20.01	20.00	0.026973	37.080
20.01	20.00	0.026989	37.179
20.01	20.00	0.027006	37.284
20.01	20.00	0.027023	37.379
20.01	19.99	0.027039	37.478
20.01	19.99	0.027056	37.583
20.01	19.99	0.027073	37.677
20.01	19.99	0.027089	37.777
20.01	19.99	0.027106	37.881
20.01	19.99	0.027122	37.976
20.01	19.99	0.027139	38.075
20.01	19.99	0.027156	38.180
20.01	19.99	0.027172	38.275
20.01	19.99	0.027189	38.374
20.01	19.99	0.027206	38.479
20.01	19.99	0.027222	38.573
20.01	19.99	0.027239	38.673
20.01	20.00	0.027256	38.777
20.01	20.00	0.027272	38.873
19.99	20.00	0.027289	38.973
19.99	20.00	0.027306	39.076
19.99	20.00	0.027322	39.173
19.99	20.00	0.027339	39.273
19.99	20.00	0.027356	39.376
19.99	20.00	0.027372	39.473
19.99	20.01	0.027389	39.573
19.99	20.01	0.027406	39.674
19.99	20.01	0.027422	39.778
19.99	20.01	0.027439	39.878
19.99	20.01	0.027456	39.978
19.99	20.01	0.027472	40.078
19.99	20.01	0.027489	40.178
19.99	20.01	0.027506	40.278
19.99	20.01	0.027522	40.378
19.99	20.01	0.027539	40.478
19.99	20.01	0.027556	40.577
19.99	20.01	0.027572	40.678
19.99	20.01	0.027589	40.778
20.01	20.00	0.027606	40.878
20.01	20.00	0.027622	40.978
20.01	20.00	0.027639	41.078
20.01	20.00	0.027656	41.178
20.01	20.00	0.027672	41.278
20.01	20.00	0.027689	41.378
20.01	20.00	0.027706	41.477
20.01	19.99	0.027722	41.578
20.01	19.99	0.027739	41.678
20.01	19.99	0.027756	41.778
20.01	19.99	0.027772	41.878
20.01	19.99	0.027789	41.978
20.01	19.99	0.027806	42.078
20.01	19.99	0.027822	42.178
20.01	19.99	0.027839	42.278
20.01	19.99	0.027856	42.378
20.01	19.99	0.027872	42.478
20.01	19.99	0.027889	42.578
20.01	19.99	0.027906	42.678
19.99	19.99	0.027922	42.778
19.99	20.00	0.027939	42.878
19.99	20.00	0.027955	42.978
19.99	20.00	0.027972	43.077
19.99	20.00	0.027989	43.178
19.99	20.00	0.028005	43.278
19.99	20.00	0.028022	43.378
19.99	20.00	0.028039	43.478
19.99	20.00	0.028055	43.578
19.99	20.01	0.028072	43.678
19.99	20.01	0.028089	43.778
19.99	20.01	0.028105	43.878
19.99	20.01	0.028122	43.977
19.99	20.01	0.028139	44.107
19.99	20.01	0.028155	44.201
19.99	20.01	0.028172	44.306
19.99	20.01	0.028189	44.406
19.99	20.01	0.028205	44.500
19.99	20.01	0.028222	44.605
19.99	20.01	0.028239	44.699
20.01	20.01	0.028255	44.799
20.01	20.01	0.028272	44.903
20.01	20.00	0.028289	44.998
20.01	20.00	0.028305	45.098
20.01	20.00	0.028322	45.202
20.01	20.00	0.028339	45.298
20.01	20.00	0.028355	45.397
20.01	20.00	0.028372	45.502
20.01	20.00	0.028389	45.596
20.01	19.99	0.028405	45.696
20.01	19.99	0.028422	45.800
20.01	19.99	0.028439	45.895
20.01	19.99	0.028455	45.995
20.01	19.99	0.028472	46.099
20.01	19.99	0.028489	46.194
20.01	19.99	0.028505	46.293
20.01	19.99	0.028522	46.398
20.01	19.99	0.028539	46.492
20.01	19.99	0.028555	46.592
20.01	19.99	0.028572	46.696
20.01	19.99	0.028589	46.791
20.01	19.99	0.028605	46.891
20.01	20.00	0.028622	46.995
20.01	20.00	0.028639	47.090
19.99	20.00	0.028655	47.190
19.99	20.00	0.028672	47.294
19.99	20.00	0.028689	47.389
19.99	20.00	0.028705	47.489
19.99	20.00	0.028722	47.593
19.99	20.00	0.028739	47.688
19.99	20.01	0.028755	47.790
19.99	20.01	0.028772	47.892
19.99	20.01	0.028788	47.986
19.99	20.01	0.028805	48.090
19.99	20.01	0.028822	48.190
19.99	20.01	0.028838	48.285
19.99	20.01	0.028855	48.390
19.99	20.01	0.028872	48.489
19.99	20.01	0.028888	48.584
19.99	20.01	0.028905	48.688
19.99	20.01	0.028922	48.788
19.99	20.01	0.028938	48.882
19.99	20.01	0.028955	48.987
19.99	20.00	0.028972	49.087
20.01	20.00	0.028988	49.182
20.01	20.00	0.029005	49.287
20.01	20.00	0.029022	49.386
20.01	20.00	0.029038	49.481
20.01	20.00	0.029055	49.585
20.01	20.00	0.029072	49.680
20.01	19.99	0.029088	49.780
20.01	19.99	0.029105	49.884
20.01	19.99	0.029122	49.979
20.01	19.99	0.029138	50.079
20.01	19.99	0.029155	50.183
20.01	19.99	0.029172	50.279
20.01	19.99	0.029188	50.379
20.01	19.99	0.029205	50.481
20.01	19.99	0.029222	50.579
20.01	19.99	0.029238	50.679
20.01	19.99	0.029255	50.780
20.01	19.99	0.029272	50.879
20.01	19.99	0.029288	50.979
20.01	20.00	0.029305	51.079
19.99	20.00	0.029322	51.179
19.99	20.00	0.029338	51.279
19.99	20.00	0.029355	51.378
19.99	20.00	0.029372	51.479
19.99	20.00	0.029388	51.579
19.99	20.00	0.029405	51.679
19.99	20.00	0.029422	51.779
19.99	20.01	0.029438	51.879
19.99	20.01	0.029455	51.979
19.99	20.01	0.029472	52.079
19.99	20.01	0.029488	52.179
19.99	20.01	0.029505	52.278
19.99	20.01	0.029522	52.379
19.99	20.01	0.029538	52.479
19.99	20.01	0.029555	52.579
19.99	20.01	0.029572	52.679
19.99	20.01	0.029588	52.779
19.99	20.01	0.029605	52.879
19.99	20.01	0.029621	52.978
19.99	20.01	0.029638	53.079
19.99	20.00	0.029655	53.179
20.01	20.00	0.029671	53.279
20.01	20.00	0.029688	53.379
20.01	20.00	0.029705	53.479
20.01	20.00	0.029721	53.579
20.01	20.00	0.029738	53.679
20.01	20.00	0.029755	53.779
20.01	19.99	0.029771	53.878
20.01	19.99	0.029788	53.978
20.01	19.99	0.029805	54.079
20.01	19.99	0.029821	54.179
20.01	19.99	0.029838	54.279
20.01	19.99	0.029855	54.379
20.01	19.99	0.029871	54.485
20.01	19.99	0.029888	54.579
20.01	19.99	0.029905	54.680
20.01	19.99	0.029921	54.780
20.01	19.99	0.029938	54.880
20.01	19.99	0.029955	54.980
20.01	19.99	0.029971	55.084
20.01	20.00	0.029988	55.180
19.99	20.00	0.030005	55.280
19.99	20.00	0.030021	55.385
19.99	20.00	0.030038	55.479
19.99	20.00	0.030055	55.580
19.99	20.00	0.030071	55.680
19.99	20.00	0.030088	55.780
19.99	20.00	0.030105	55.880
19.99	20.01	0.030121	55.984
19.99	20.01	0.030138	56.080
19.99	20.01	0.030155	56.179
19.99	20.01	0.030171	56.309
19.99	20.01	0.030188	56.408
19.99	20.01	0.030205	56.503
19.99	20.01	0.030221	56.608
19.99	20.01	0.030238	56.707
19.99	20.01	0.030255	56.802
19.99	20.01	0.030271	56.906
19.99	20.01	0.030288	57.006
19.99	20.01	0.030305	57.100
19.99	20.01	0.030321	57.205
19.99	20.00	0.030338	57.304
19.99	20.00	0.030355	57.399
20.01	20.00	0.030371	57.504
20.01	20.00	0.030388	57.598
20.01	20.00	0.030405	57.698
20.01	20.00	0.030421	57.802
20.01	20.00	0.030438	57.898
20.01	19.99	0.030454	57.997
20.01	19.99	0.030471	58.102
20.01	19.99	0.030488	58.197
20.01	19.99	0.030504	58.296
20.01	19.99	0.030521	58.401
20.01	19.99	0.030538	58.495
20.01	19.99	0.030554	58.595
20.01	19.99	0.030571	58.699
20.01	19.99	0.030588	58.794
20.01	19.99	0.030604	58.893
20.01	19.99	0.030621	58.998
20.01	19.99	0.030638	59.093
20.01	19.99	0.030654	59.192
20.01	20.00	0.030671	59.297
20.01	20.00	0.030688	59.391
19.99	20.00	0.030704	59.491
19.99	20.00	0.030721	59.596
19.99	20.00	0.030738	59.690
19.99	20.00	0.030754	59.790
19.99	20.00	0.030771	59.895
19.99	20.00	0.030788	59.989
19.99	20.01	0.030804	00.089
19.99	20.01	0.030821	00.193
19.99	20.01	0.030838	00.288
19.99	20.01	0.030854	00.388
19.99	20.01	0.030871	00.492
19.99	20.01	0.030888	00.586
19.99	20.01	0.030904	00.689
19.99	20.01	0.030921	00.791
19.99	20.01	0.030938	00.886
19.99	20.01	0.030954	00.988
19.99	20.01	0.030971	01.090
19.99	20.01	0.030988	01.184
20.01	20.01	0.031004	01.288
20.01	20.00	0.031021	01.389
20.01	20.00	0.031038	01.483
20.01	20.00	0.031054	01.588
20.01	20.00	0.031071	01.687
20.01	20.00	0.031088	01.782
20.01	20.00	0.031104	01.886
20.01	20.00	0.031121	01.986
20.01	19.99	0.031138	02.080
20.01	19.99	0.031154	02.185
20.01	19.99	0.031171	02.285
20.01	19.99	0.031188	02.381
20.01	19.99	0.031204	02.484
20.01	19.99	0.031221	02.584
20.01	19.99	0.031238	02.681
20.01	19.99	0.031254	02.783
20.01	19.99	0.031271	02.884
20.01	19.99	0.031287	02.981
20.01	19.99	0.031304	03.082
20.01	19.99	0.031321	03.184
19.99	19.99	0.031337	03.281
19.99	20.00	0.031354	03.381
19.99	20.00	0.031371	03.483
19.99	20.00	0.031387	03.581
19.99	20.00	0.031404	03.680
19.99	20.00	0.031421	03.784
19.99	20.00	0.031437	03.881
19.99	20.00	0.031454	03.981
19.99	20.00	0.031471	04.084
19.99	20.01	0.031487	04.181
19.99	20.01	0.031504	04.281
19.99	20.01	0.031521	04.383
19.99	20.01	0.031537	04.481
19.99	20.01	0.031554	04.580
19.99	20.01	0.031571	04.684
19.99	20.01	0.031587	04.781
19.99	20.01	0.031604	04.881
19.99	20.01	0.031621	04.984
19.99	20.01	0.031637	05.081
19.99	20.01	0.031654	05.181
19.99	20.01	0.031671	05.283
19.99	20.01	0.031687	05.381
20.01	20.00	0.031704	05.481
20.01	20.00	0.031721	05.583
20.01	20.00	0.031737	05.681
20.01	20.00	0.031754	05.781
20.01	20.00	0.031771	05.884
20.01	20.00	0.031787	05.981
20.01	20.00	0.031804	06.081
20.01	19.99	0.031821	06.183
20.01	19.99	0.031837	06.281
20.01	19.99	0.031854	06.381
20.01	19.99	0.031871	06.483
20.01	19.99	0.031887	06.581
20.01	19.99	0.031904	06.681
20.01	19.99	0.031921	06.784
20.01	19.99	0.031937	06.881
20.01	19.99	0.031954	06.981
20.01	19.99	0.031971	07.083
20.01	19.99	0.031987	07.181
20.01	19.99	0.032004	07.281
20.01	19.99	0.032021	07.383
20.01	20.00	0.032037	07.481
20.01	20.00	0.032054	07.581
19.99	20.00	0.032071	07.684
19.99	20.00	0.032087	07.780
19.99	20.00	0.032104	07.881
19.99	20.00	0.032120	07.984
19.99	20.00	0.032137	08.081
19.99	20.00	0.032154	08.181
19.99	20.01	0.032170	08.283
19.99	20.01	0.032187	08.381
19.99	20.01	0.032204	08.505
19.99	20.01	0.032220	08.583
19.99	20.01	0.032237	08.679
19.99	20.01	0.032254	08.804
19.99	20.01	0.032270	08.883
19.99	20.01	0.032287	09.008
19.99	20.01	0.032304	09.103
19.99	20.01	0.032320	09.183
19.99	20.01	0.032337	09.308
19.99	20.01	0.032354	09.402
19.99	20.01	0.032370	09.507
19.99	20.00	0.032387	09.606
19.99	20.00	0.032404	09.701
19.99	20.00	0.032420	09.806
20.01	20.00	0.032437	09.905
20.01	20.00	0.032454	10.000
20.01	20.00	0.032470	10.104
20.01	20.00	0.032487	10.204
20.01	19.99	0.032504	10.298
20.01	19.99	0.032520	10.403
20.01	19.99	0.032537	10.498
20.01	19.99	0.032554	10.597
20.01	19.99	0.032570	10.702
20.01	19.99	0.032587	10.796
20.01	19.99	0.032604	10.896
20.01	19.99	0.032620	11.000
20.01	19.99	0.032637	11.095
20.01	19.99	0.032654	11.194
20.01	19.99	0.032670	11.299
20.01	19.99	0.032687	11.394
20.01	19.99	0.032704	11.493
20.01	20.00	0.032720	11.598
20.01	20.00	0.032737	11.692
20.01	20.00	0.032754	11.793
19.99	20.00	0.032770	11.897
19.99	20.00	0.032787	11.992
19.99	20.00	0.032804	12.092
19.99	20.00	0.032820	12.196
19.99	20.00	0.032837	12.291
19.99	20.01	0.032854	12.390
19.99	20.01	0.032870	12.495
19.99	20.01	0.032887	12.589
19.99	20.01	0.032904	12.689
19.99	20.01	0.032920	12.793
19.99	20.01	0.032937	12.888
19.99	20.01	0.032953	12.988
19.99	20.01	0.032970	13.092
19.99	20.01	0.032987	13.187
19.99	20.01	0.033003	13.287
19.99	20.01	0.033020	13.391
19.99	20.01	0.033037	13.485
19.99	20.01	0.033053	13.587
19.99	20.00	0.033070	13.689
20.01	20.00	0.033087	13.784
20.01	20.00	0.033103	13.888
20.01	20.00	0.033120	13.989
20.01	20.00	0.033137	14.084
20.01	20.00	0.033153	14.187
20.01	20.00	0.033170	14.288
20.01	19.99	0.033187	14.382
20.01	19.99	0.033203	14.487
20.01	19.99	0.033220	14.587
20.01	19.99	0.033237	14.682
20.01	19.99	0.033253	14.786
20.01	19.99	0.033270	14.885
20.01	19.99	0.033287	14.982
20.01	19.99	0.033303	15.084
20.01	19.99	0.033320	15.184
20.01	19.99	0.033337	15.282
20.01	19.99	0.033353	15.383
20.01	19.99	0.033370	15.483
20.01	19.99	0.033387	15.582
20.01	20.00	0.033403	15.682
20.01	20.00	0.033420	15.782
19.99	20.00	0.033437	15.883
19.99	20.00	0.033453	15.982
19.99	20.00	0.033470	16.083
19.99	20.00	0.033487	16.183
19.99	20.00	0.033503	16.283
19.99	20.00	0.033520	16.383
19.99	20.01	0.033537	16.483
19.99	20.01	0.033553	16.583
19.99	20.01	0.033570	16.683
19.99	20.01	0.033587	16.783
19.99	20.01	0.033603	16.882
19.99	20.01	0.033620	16.983
19.99	20.01	0.033637	17.083
19.99	20.01	0.033653	17.183
19.99	20.01	0.033670	17.283
19.99	20.01	0.033687	17.383
19.99	20.01	0.033703	17.483
19.99	20.01	0.033720	17.583
19.99	20.01	0.033737	17.683
19.99	20.00	0.033753	17.782
20.01	20.00	0.033770	17.883
20.01	20.00	0.033786	17.983
20.01	20.00	0.033803	18.083
20.01	20.00	0.033820	18.183
20.01	20.00	0.033836	18.283
20.01	20.00	0.033853	18.383
20.01	19.99	0.033870	18.483
20.01	19.99	0.033886	18.583
20.01	19.99	0.033903	18.683
20.01	19.99	0.033920	18.783
20.01	19.99	0.033936	18.883
20.01	19.99	0.033953	18.983
20.01	19.99	0.033970	19.083
20.01	19.99	0.033986	19.183
20.01	19.99	0.034003	19.283
20.01	19.99	0.034020	19.382
20.01	19.99	0.034036	19.483
20.01	19.99	0.034053	19.583
20.01	19.99	0.034070	19.683
20.01	20.00	0.034086	19.784
19.99	20.00	0.034103	19.884
19.99	20.00	0.034120	19.984
19.99	20.00	0.034136	20.084
19.99	20.00	0.034153	20.184
19.99	20.00	0.034170	20.283
19.99	20.00	0.034186	20.384
19.99	20.00	0.034203	20.484
19.99	20.01	0.034220	20.608
19.99	20.01	0.034236	20.713
19.99	20.01	0.034253	20.807
19.99	20.01	0.034270	20.907
19.99	20.01	0.034286	21.011
19.99	20.01	0.034303	21.106
19.99	20.01	0.034320	21.206
19.99	20.01	0.034336	21.310
19.99	20.01	0.034353	21.405
19.99	20.01	0.034370	21.506
19.99	20.01	0.034386	21.609
19.99	20.01	0.034403	21.703
20.01	20.01	0.034420	21.807
20.01	20.00	0.034436	21.907
20.01	20.00	0.034453	22.002
20.01	20.00	0.034470	22.106
20.01	20.00	0.034486	22.206
20.01	20.00	0.034503	22.301
20.01	20.00	0.034520	22.405
20.01	20.00	0.034536	22.505
20.01	19.99	0.034553	22.600
20.01	19.99	0.034570	22.705
20.01	19.99	0.034586	22.804
20.01	19.99	0.034603	22.899
20.01	19.99	0.034619	23.003
20.01	19.99	0.034636	23.103
20.01	19.99	0.034653	23.198
20.01	19.99	0.034669	23.302
20.01	19.99	0.034686	23.402
20.01	19.99	0.034703	23.496
20.01	19.99	0.034719	23.601
20.01	19.99	0.034736	23.695
20.01	19.99	0.034753	23.795
20.01	20.00	0.034769	23.900
19.99	20.00	0.034786	23.994
19.99	20.00	0.034803	24.094
19.99	20.00	0.034819	24.198
19.99	20.00	0.034836	24.293
19.99	20.00	0.034853	24.392
19.99	20.00	0.034869	24.497
19.99	20.00	0.034886	24.592
19.99	20.01	0.034903	24.691
19.99	20.01	0.034919	24.796
19.99	20.01	0.034936	24.890
19.99	20.01	0.034953	24.990
19.99	20.01	0.034969	25.094
19.99	20.01	0.034986	25.189
19.99	20.01	0.035003	25.288
19.99	20.01	0.035019	25.393
19.99	20.01	0.035036	25.489
19.99	20.01	0.035053	25.588
19.99	20.01	0.035069	25.693
19.99	20.01	0.035086	25.787
19.99	20.01	0.035103	25.887
19.99	20.00	0.035119	25.991
19.99	20.00	0.035136	26.086
19.99	20.00	0.035153	26.185
20.01	20.00	0.035169	26.290
20.01	20.00	0.035186	26.385
20.01	20.00	0.035203	26.486
20.01	20.00	0.035219	26.589
20.01	19.99	0.035236	26.685
20.01	19.99	0.035253	26.786
20.01	19.99	0.035269	26.887
20.01	19.99	0.035286	26.985
20.01	19.99	0.035303	27.086
20.01	19.99	0.035319	27.186
20.01	19.99	0.035336	27.285
20.01	19.99	0.035353	27.385
20.01	19.99	0.035369	27.486
20.01	19.99	0.035386	27.585
20.01	19.99	0.035403	27.685
20.01	19.99	0.035419	27.784
20.01	19.99	0.035436	27.885
20.01	20.00	0.035452	27.985
19.99	20.00	0.035469	28.085
19.99	20.00	0.035486	28.185
19.99	20.00	0.035502	28.285
19.99	20.00	0.035519	28.385
19.99	20.00	0.035536	28.485
19.99	20.00	0.035552	28.585
19.99	20.00	0.035569	28.684
19.99	20.01	0.035586	28.785
19.99	20.01	0.035602	28.885
19.99	20.01	0.035619	28.985
19.99	20.01	0.035636	29.085
19.99	20.01	0.035652	29.185
19.99	20.01	0.035669	29.285
19.99	20.01	0.035686	29.384
19.99	20.01	0.035702	29.485
19.99	20.01	0.035719	29.585
19.99	20.01	0.035736	29.685
19.99	20.01	0.035752	29.785
19.99	20.01	0.035769	29.885
20.01	20.01	0.035786	29.985
20.01	20.00	0.035802	30.085
20.01	20.00	0.035819	30.185
20.01	20.00	0.035836	30.284
20.01	20.00	0.035852	30.385
20.01	20.00	0.035869	30.485
20.01	20.00	0.035886	30.585
20.01	20.00	0.035902	30.685
20.01	19.99	0.035919	30.785
20.01	19.99	0.035936	30.885
20.01	19.99	0.035952	30.985
20.01	19.99	0.035969	31.085
20.01	19.99	0.035986	31.184
20.01	19.99	0.036002	31.285
20.01	19.99	0.036019	31.385
20.01	19.99	0.036036	31.485
20.01	19.99	0.036052	31.585
20.01	19.99	0.036069	31.685
20.01	19.99	0.036086	31.785
20.01	19.99	0.036102	31.885
20.01	19.99	0.036119	31.985
19.99	20.00	0.036136	32.085
19.99	20.00	0.036152	32.185
19.99	20.00	0.036169	32.285
19.99	20.00	0.036186	32.385
19.99	20.00	0.036202	32.485
19.99	20.00	0.036219	32.585
19.99	20.00	0.036236	32.685
19.99	20.00	0.036252	32.784
19.99	20.01	0.036269	32.884
19.99	20.01	0.036285	32.984
19.99	20.01	0.036302	33.108
19.99	20.01	0.036319	33.208
19.99	20.01	0.036335	33.312
19.99	20.01	0.036352	33.407
19.99	20.01	0.036369	33.506
19.99	20.01	0.036385	33.611
19.99	20.01	0.036402	33.705
19.99	20.01	0.036419	33.805
19.99	20.01	0.036435	33.910
19.99	20.01	0.036452	34.005
20.01	20.01	0.036469	34.105
20.01	20.00	0.036485	34.209
20.01	20.00	0.036502	34.303
20.01	20.00	0.036519	34.405
20.01	20.00	0.036535	34.507
20.01	20.00	0.036552	34.602
20.01	20.00	0.036569	34.705
20.01	20.00	0.036585	34.807
20.01	19.99	0.036602	34.902
20.01	19.99	0.036619	35.005
20.01	19.99	0.036635	35.106
20.01	19.99	0.036652	35.200
20.01	19.99	0.036669	35.305
20.01	19.99	0.036685	35.404
20.01	19.99	0.036702	35.499
20.01	19.99	0.036719	35.604
20.01	19.99	0.036735	35.703
20.01	19.99	0.036752	35.798
20.01	19.99	0.036769	35.902
20.01	19.99	0.036785	36.002
20.01	19.99	0.036802	36.096
20.01	20.00	0.036819	36.201
20.01	20.00	0.036835	36.300
19.99	20.00	0.036852	36.395
19.99	20.00	0.036869	36.500
19.99	20.00	0.036885	36.594
19.99	20.00	0.036902	36.694
19.99	20.00	0.036919	36.798
19.99	20.00	0.036935	36.893
19.99	20.01	0.036952	36.992
19.99	20.01	0.036969	37.097
19.99	20.01	0.036985	37.192
19.99	20.01	0.037002	37.291
19.99	20.01	0.037019	37.396
19.99	20.01	0.037035	37.490
19.99	20.01	0.037052	37.591
19.99	20.01	0.037069	37.695
19.99	20.01	0.037085	37.790
19.99	20.01	0.037102	37.889
19.99	20.01	0.037118	37.994
19.99	20.01	0.037135	38.088
19.99	20.01	0.037152	38.188
19.99	20.00	0.037168	38.292
19.99	20.00	0.037185	38.387
20.01	20.00	0.037202	38.487
20.01	20.00	0.037218	38.592
20.01	20.00	0.037235	38.686
20.01	20.00	0.037252	38.786
20.01	20.00	0.037268	38.891
20.01	19.99	0.037285	38.985
20.01	19.99	0.037302	39.085
20.01	19.99	0.037318	39.189
20.01	19.99	0.037335	39.285
20.01	19.99	0.037352	39.384
20.01	19.99	0.037368	39.488
20.01	19.99	0.037385	39.585
20.01	19.99	0.037402	39.685
20.01	19.99	0.037418	39.787
20.01	19.99	0.037435	39.885
20.01	19.99	0.037452	39.985
20.01	19.99	0.037468	40.085
19.99	19.99	0.037485	40.185
19.99	20.00	0.037502	40.285
19.99	20.00	0.037518	40.385
19.99	20.00	0.037535	40.485
19.99	20.00	0.037552	40.585
19.99	20.00	0.037568	40.685
19.99	20.00	0.037585	40.785
19.99	20.00	0.037602	40.885
19.99	20.00	0.037618	40.984
19.99	20.01	0.037635	41.085
19.99	20.01	0.037652	41.185
19.99	20.01	0.037668	41.285
19.99	20.01	0.037685	41.385
19.99	20.01	0.037702	41.485
19.99	20.01	0.037718	41.585
19.99	20.01	0.037735	41.685
19.99	20.01	0.037752	41.785
19.99	20.01	0.037768	41.884
19.99	20.01	0.037785	41.986
19.99	20.01	0.037802	42.086
19.99	20.01	0.037818	42.186
19.99	20.01	0.037835	42.286
19.99	20.00	0.037852	42.386
20.01	20.00	0.037868	42.486
20.01	20.00	0.037885	42.585
20.01	20.00	0.037902	42.686
20.01	20.00	0.037918	42.786
20.01	20.00	0.037935	42.886
20.01	20.00	0.037951	42.986
20.01	19.99	0.037968	43.086
20.01	19.99	0.037985	43.186
20.01	19.99	0.038001	43.286
20.01	19.99	0.038018	43.386
20.01	19.99	0.038035	43.485
20.01	19.99	0.038051	43.586
20.01	19.99	0.038068	43.686
20.01	19.99	0.038085	43.786
20.01	19.99	0.038101	43.886
20.01	19.99	0.038118	43.986
20.01	19.99	0.038135	44.086
20.01	19.99	0.038151	44.186
20.01	19.99	0.038168	44.286
20.01	20.00	0.038185	44.385
20.01	20.00	0.038201	44.486
19.99	20.00	0.038218	44.586
19.99	20.00	0.038235	44.686
19.99	20.00	0.038251	44.786
19.99	20.00	0.038268	44.886
19.99	20.00	0.038285	44.986
19.99	20.00	0.038301	45.086
19.99	20.01	0.038318	45.186
19.99	20.01	0.038335	45.286
19.99	20.01	0.038351	45.410
19.99	20.01	0.038368	45.510
19.99	20.01	0.038385	45.614
19.99	20.01	0.038401	45.709
19.99	20.01	0.038418	45.808
19.99	20.01	0.038435	45.913
19.99	20.01	0.038451	46.007
19.99	20.01	0.038468	46.107
19.99	20.01	0.038485	46.211
19.99	20.01	0.038501	46.306
20.01	20.01	0.038518	46.406
20.01	20.00	0.038535	46.510
20.01	20.00	0.038551	46.605
20.01	20.00	0.038568	46.704
20.01	20.00	0.038585	46.809
20.01	20.00	0.038601	46.903
20.01	20.00	0.038618	47.004
20.01	20.00	0.038635	47.108
20.01	19.99	0.038651	47.203
20.01	19.99	0.038668	47.304
20.01	19.99	0.038685	47.407
20.01	19.99	0.038701	47.502
20.01	19.99	0.038718	47.603
20.01	19.99	0.038735	47.706
20.01	19.99	0.038751	47.800
20.01	19.99	0.038768	47.904
20.01	19.99	0.038784	48.005
20.01	19.99	0.038801	48.099
20.01	19.99	0.038818	48.204
20.01	19.99	0.038834	48.303
20.01	19.99	0.038851	48.398
20.01	20.00	0.038868	48.502
20.01	20.00	0.038884	48.602
20.01	20.00	0.038901	48.696
19.99	20.00	0.038918	48.801
19.99	20.00	0.038934	48.901
19.99	20.00	0.038951	48.995
19.99	20.00	0.038968	49.100
19.99	20.00	0.038984	49.199
19.99	20.01	0.039001	49.294
19.99	20.01	0.039018	49.398
19.99	20.01	0.039034	49.493
19.99	20.01	0.039051	49.593
19.99	20.01	0.039068	49.697
19.99	20.01	0.039084	49.792
19.99	20.01	0.039101	49.892
19.99	20.01	0.039118	49.997
19.99	20.01	0.039134	50.091
19.99	20.01	0.039151	50.191
19.99	20.01	0.039168	50.295
19.99	20.01	0.039184	50.390
19.99	20.01	0.039201	50.490
19.99	20.00	0.039218	50.594
19.99	20.00	0.039234	50.689
20.01	20.00	0.039251	50.788
20.01	20.00	0.039268	50.893
20.01	20.00	0.039284	50.987
20.01	20.00	0.039301	51.087
20.01	20.00	0.039318	51.192
20.01	19.99	0.039334	51.286
20.01	19.99	0.039351	51.387
20.01	19.99	0.039368	51.490
20.01	19.99	0.039384	51.587
20.01	19.99	0.039401	51.687
20.01	19.99	0.039418	51.790
20.01	19.99	0.039434	51.886
20.01	19.99	0.039451	51.987
20.01	19.99	0.039468	52.089
20.01	19.99	0.039484	52.187
20.01	19.99	0.039501	52.287
20.01	19.99	0.039518	52.387
20.01	19.99	0.039534	52.487
19.99	20.00	0.039551	52.586
19.99	20.00	0.039568	52.687
19.99	20.00	0.039584	52.787
19.99	20.00	0.039601	52.887
19.99	20.00	0.039617	52.987
19.99	20.00	0.039634	53.087
19.99	20.00	0.039651	53.187
19.99	20.00	0.039667	53.287
19.99	20.01	0.039684	53.387
19.99	20.01	0.039701	53.486
19.99	20.01	0.039717	53.587
19.99	20.01	0.039734	53.687
19.99	20.01	0.039751	53.787
19.99	20.01	0.039767	53.887
19.99	20.01	0.039784	53.987
19.99	20.01	0.039801	54.087
19.99	20.01	0.039817	54.187
19.99	20.01	0.039834	54.287
19.99	20.01	0.039851	54.386
19.99	20.01	0.039867	54.487
19.99	20.01	0.039884	54.587
20.01	20.00	0.039901	54.687
20.01	20.00	0.039917	54.787
20.01	20.00	0.039934	54.887
20.01	20.00	0.039951	54.987
20.01	20.00	0.039967	55.087
20.01	20.00	0.039984	55.187
20.01	20.00	0.040001	55.287
20.01	19.99	0.040017	55.387
20.01	19.99	0.040034	55.487
20.01	19.99	0.040051	55.587
20.01	19.99	0.040067	55.687
20.01	19.99	0.040084	55.787
20.01	19.99	0.040101	55.887
20.01	19.99	0.040117	55.986
20.01	19.99	0.040134	56.087
20.01	19.99	0.040151	56.187
20.01	19.99	0.040167	56.287
20.01	19.99	0.040184	56.387
20.01	19.99	0.040201	56.487
20.01	19.99	0.040217	56.587
19.99	20.00	0.040234	56.687
19.99	20.00	0.040251	56.787
19.99	20.00	0.040267	56.886
19.99	20.00	0.040284	56.987
19.99	20.00	0.040301	57.087
19.99	20.00	0.040317	57.187
19.99	20.00	0.040334	57.287
19.99	20.00	0.040351	57.387
19.99	20.01	0.040367	57.487
19.99	20.01	0.040384	57.586
19.99	20.01	0.040401	57.686
19.99	20.01	0.040417	57.786
19.99	20.01	0.040434	57.915
19.99	20.01	0.040450	58.010
19.99	20.01	0.040467	58.109
19.99	20.01	0.040484	58.214
19.99	20.01	0.040500	58.308
19.99	20.01	0.040517	58.409
19.99	20.01	0.040534	58.513
20.01	20.01	0.040550	58.608
20.01	20.01	0.040567	58.708
20.01	20.00	0.040584	58.812
20.01	20.00	0.040600	58.907
20.01	20.00	0.040617	59.006
20.01	20.00	0.040634	59.111
20.01	20.00	0.040650	59.205
20.01	20.00	0.040667	59.304
20.01	20.00	0.040684	59.409
20.01	19.99	0.040700	59.505
20.01	19.99	0.040717	59.604
20.01	19.99	0.040734	59.709
20.01	19.99	0.040750	59.803
20.01	19.99	0.040767	59.903
20.01	19.99	0.040784	00.007
20.01	19.99	0.040800	00.102
20.01	19.99	0.040817	00.202
20.01	19.99	0.040834	00.306
20.01	19.99	0.040850	00.401
20.01	19.99	0.040867	00.502
20.01	19.99	0.040884	00.605
20.01	19.99	0.040900	00.699
19.99	20.00	0.040917	00.803
19.99	20.00	0.040934	00.903
19.99	20.00	0.040950	00.998
19.99	20.00	0.040967	01.102
19.99	20.00	0.040984	01.202
19.99	20.00	0.041000	01.297
19.99	20.00	0.041017	01.401
19.99	20.00	0.041034	01.501
19.99	20.01	0.041050	01.595
19.99	20.01	0.041067	01.700
19.99	20.01	0.041084	01.799
19.99	20.01	0.041100	01.894
19.99	20.01	0.041117	01.999
19.99	20.01	0.041134	02.099
19.99	20.01	0.041150	02.193
19.99	20.01	0.041167	02.298
19.99	20.01	0.041184	02.393
19.99	20.01	0.041200	02.492
19.99	20.01	0.041217	02.597
19.99	20.01	0.041234	02.691
19.99	20.01	0.041250	02.791
19.99	20.00	0.041267	02.896
19.99	20.00	0.041283	02.990
20.01	20.00	0.041300	03.090
20.01	20.00	0.041317	03.194
20.01	20.00	0.041333	03.289
20.01	20.00	0.041350	03.388
20.01	20.00	0.041367	03.493
20.01	19.99	0.041383	03.588
20.01	19.99	0.041400	03.688
20.01	19.99	0.041417	03.792
20.01	19.99	0.041433	03.888
20.01	19.99	0.041450	03.988
20.01	19.99	0.041467	04.090
20.01	19.99	0.041483	04.188
20.01	19.99	0.041500	04.287
20.01	19.99	0.041517	04.390
20.01	19.99	0.041533	04.488
20.01	19.99	0.041550	04.588
20.01	19.99	0.041567	04.689
20.01	19.99	0.041583	04.788
20.01	20.00	0.041600	04.888
19.99	20.00	0.041617	04.988
19.99	20.00	0.041633	05.087
19.99	20.00	0.041650	05.188
19.99	20.00	0.041667	05.288
19.99	20.00	0.041683	05.388
19.99	20.00	0.041700	05.488
19.99	20.00	0.041717	05.588
19.99	20.01	0.041733	05.688
19.99	20.01	0.041750	05.788
19.99	20.01	0.041767	05.888
19.99	20.01	0.041783	05.987
19.99	20.01	0.041800	06.088
19.99	20.01	0.041817	06.188
19.99	20.01	0.041833	06.288
19.99	20.01	0.041850	06.388
19.99	20.01	0.041867	06.488
19.99	20.01	0.041883	06.588
19.99	20.01	0.041900	06.688
19.99	20.01	0.041917	06.787
19.99	20.01	0.041933	06.888
19.99	20.00	0.041950	06.988
20.01	20.00	0.041967	07.088
20.01	20.00	0.041983	07.188
20.01	20.00	0.042000	07.288
20.01	20.00	0.042017	07.388
20.01	20.00	0.042033	07.488
20.01	20.00	0.042050	07.587
20.01	19.99	0.042067	07.688
20.01	19.99	0.042083	07.788
20.01	19.99	0.042100	07.888
20.01	19.99	0.042116	07.988
20.01	19.99	0.042133	08.088
20.01	19.99	0.042150	08.188
20.01	19.99	0.042166	08.288
20.01	19.99	0.042183	08.388
20.01	19.99	0.042200	08.487
20.01	19.99	0.042216	08.588
20.01	19.99	0.042233	08.688
20.01	19.99	0.042250	08.788
20.01	19.99	0.042266	08.888
20.01	20.00	0.042283	08.988
20.01	20.00	0.042300	09.088
19.99	20.00	0.042316	09.188
19.99	20.00	0.042333	09.288
19.99	20.00	0.042350	09.387
19.99	20.00	0.042366	09.488
19.99	20.00	0.042383	09.588
19.99	20.00	0.042400	09.688
19.99	20.01	0.042416	09.788
19.99	20.01	0.042433	09.888
19.99	20.01	0.042450	09.988
19.99	20.01	0.042466	10.112
19.99	20.01	0.042483	10.217
19.99	20.01	0.042500	10.311
19.99	20.01	0.042516	10.411
19.99	20.01	0.042533	10.516
19.99	20.01	0.042550	10.610
19.99	20.01	0.042566	10.710
19.99	20.01	0.042583	10.814
19.99	20.01	0.042600	10.909
20.01	20.01	0.042616	11.008
20.01	20.00	0.042633	11.113
20.01	20.00	0.042650	11.207
20.01	20.00	0.042666	11.307
20.01	20.00	0.042683	11.412
20.01	20.00	0.042700	11.506
20.01	20.00	0.042716	11.606
20.01	20.00	0.042733	11.711
20.01	19.99	0.042750	11.806
20.01	19.99	0.042766	11.905
20.01	19.99	0.042783	12.010
20.01	19.99	0.042800	12.105
20.01	19.99	0.042816	12.204
20.01	19.99	0.042833	12.309
20.01	19.99	0.042850	12.403
20.01	19.99	0.042866	12.503
20.01	19.99	0.042883	12.607
20.01	19.99	0.042900	12.702
20.01	19.99	0.042916	12.801
20.01	19.99	0.042933	12.906
20.01	19.99	0.042949	13.001
20.01	20.00	0.042966	13.101
20.01	20.00	0.042983	13.205
19.99	20.00	0.042999	13.299
19.99	20.00	0.043016	13.401
19.99	20.00	0.043033	13.503
19.99	20.00	0.043049	13.598
19.99	20.00	0.043066	13.701
19.99	20.00	0.043083	13.802
19.99	20.01	0.043099	13.897
19.99	20.01	0.043116	14.001
19.99	20.01	0.043133	14.101
19.99	20.01	0.043149	14.195
19.99	20.01	0.043166	14.301
19.99	20.01	0.043183	14.400
19.99	20.01	0.043199	14.495
19.99	20.01	0.043216	14.600
19.99	20.01	0.043233	14.699
19.99	20.01	0.043249	14.794
19.99	20.01	0.043266	14.898
19.99	20.01	0.043283	14.998
19.99	20.01	0.043299	15.092
20.01	20.00	0.043316	15.197
20.01	20.00	0.043333	15.296
20.01	20.00	0.043349	15.391
20.01	20.00	0.043366	15.496
20.01	20.00	0.043383	15.590
20.01	20.00	0.043399	15.690
20.01	20.00	0.043416	15.795
20.01	19.99	0.043433	15.889
20.01	19.99	0.043449	15.989
20.01	19.99	0.043466	16.093
20.01	19.99	0.043483	16.189
20.01	19.99	0.043499	16.288
20.01	19.99	0.043516	16.392
20.01	19.99	0.043533	16.489
20.01	19.99	0.043549	16.589
20.01	19.99	0.043566	16.691
20.01	19.99	0.043583	16.790
20.01	19.99	0.043599	16.890
20.01	19.99	0.043616	16.989
20.01	19.99	0.043633	17.090
20.01	20.00	0.043649	17.190
20.01	20.00	0.043666	17.290
20.01	20.00	0.043683	17.390
19.99	20.00	0.043699	17.490
