experimentNames: [\\labnas1\Share\David\Extracted\Spatial\N2\18-23GradientC15\OutputFiles\20090226_N2g15_1823_tracks.bin]
segmentationClusters:
- knownPoints:
    locInFile: [529024, 530672, 532320, 533968, 535616, 537264, 538912, 682288, 683936,
      685584, 687232, 688880, 1732064, 1733712, 1735360, 1737008, 1738656, 1740304,
      1741952, 2414336, 2415984, 2417632, 2419280, 2420928, 2422576, 3342160, 3343808,
      3345456, 3347104, 3348752, 3350400, 6371184, 6372832, 6374480, 6376128, 6377776,
      6379424, 6381072, 6382720, 6384368, 6386016, 6387664, 6389312, 6390960]
    filename: [\\labnas1\Share\David\Extracted\Spatial\N2\18-23GradientC15\OutputFiles\20090226_N2g15_1823_tracks.bin]
  isSharpTurn: [true]
  operation: ['@(x)x.^2', '@(x)abs(x)', '@(x)x', '@(x)abs(x)', '@(x)abs(x)']
  datafields: [covRatio, deltatheta, speed, lrdtheta, ddtheta]
  name: [omega turns]
  priorProbability: [1.0]
  clustCov: [8.87751, -1.5785704, 0.7859714, -0.16192661, -1.5248798, -1.5785704,
    1.2643216, -0.4570208, 0.093995444, 0.86340886, 0.7859714, -0.4570208, 0.2536881,
    -0.03842404, -0.40017515, -0.16192661, 0.093995444, -0.03842404, 0.013416862,
    0.08004032, -1.5248798, 0.86340886, -0.40017515, 0.08004032, 1.7048386]
  typeCode: [-1.0]
  clustMean: [5.778796, 0.91662955, 0.7835069, 0.087831445, 0.9590821]
- knownPoints:
    locInFile: [402128, 403776, 405424, 407072, 408720, 410368, 412016, 413664, 415312,
      512544, 514192, 515840, 517488, 519136, 611424, 613072, 614720, 616368, 618016,
      665808, 667456, 669104, 670752, 1415648, 1417296, 1418944, 1420592, 1422240,
      1423888, 1425536, 1704048, 1705696, 1707344, 1708992, 1710640, 1712288, 1713936,
      2149008, 2150656, 2152304, 2153952, 2155600, 2157248, 2158896, 2160544, 2162192,
      2163840, 2165488, 2167136, 2168784, 2170432, 2172080, 2173728, 2175376, 2177024,
      2178672, 6361296, 6362944, 6364592, 6366240, 6367888, 6369536, 402128, 403776,
      405424, 407072, 408720, 410368, 412016, 413664, 415312, 512544, 514192, 515840,
      517488, 519136, 611424, 613072, 614720, 616368, 618016, 665808, 667456, 669104,
      670752, 1415648, 1417296, 1418944, 1420592, 1422240, 1423888, 1425536, 1704048,
      1705696, 1707344, 1708992, 1710640, 1712288, 1713936, 2149008, 2150656, 2152304,
      2153952, 2155600, 2157248, 2158896, 2160544, 2162192, 2163840, 2165488, 2167136,
      2168784, 2170432, 2172080, 2173728, 2175376, 2177024, 2178672, 6361296, 6362944,
      6364592, 6366240, 6367888, 6369536, 12928584, 12930232, 12931880, 12933528,
      12935176, 12936824, 12938472, 12940120, 12941768, 12943416, 12945064, 12946712]
    filename: [\\labnas1\Share\David\Extracted\Spatial\N2\18-23GradientC15\OutputFiles\20090226_N2g15_1823_tracks.bin]
  isSharpTurn: [true]
  operation: ['@(x)x.^2', '@(x)abs(x)', '@(x)x', '@(x)abs(x)', '@(x)abs(x)']
  datafields: [covRatio, deltatheta, speed, lrdtheta, ddtheta]
  name: [reversals]
  priorProbability: [1.0]
  clustCov: [9.624704, -0.19475687, 0.27953056, -0.044010386, -0.05276391, -0.19475687,
    1.7058715, -0.4513319, 0.09002474, 0.40757608, 0.27953056, -0.4513319, 0.19533293,
    -0.031915493, -0.21366581, -0.044010386, 0.09002474, -0.031915493, 0.010937489,
    0.08684256, -0.05276391, 0.40757608, -0.21366581, 0.08684256, 2.2965248]
  typeCode: [1.0]
  clustMean: [6.1295314, 2.0483086, 0.5052781, 0.19673486, 2.280431]
- knownPoints:
    locInFile: [1339840, 1341488, 1343136, 1344784, 1346432, 1348080]
    filename: [\\labnas1\Share\David\Extracted\Spatial\N2\18-23GradientC15\OutputFiles\20090226_N2g15_1823_tracks.bin]
  isSharpTurn: [true]
  operation: ['@(x)x.^2', '@(x)abs(x)', '@(x)x', '@(x)abs(x)', '@(x)abs(x)']
  datafields: [covRatio, deltatheta, speed, lrdtheta, ddtheta]
  name: [blips]
  priorProbability: [1.0]
  clustCov: [7.845711, -0.035905402, 0.07124729, -0.05601723, 0.21136758, -0.035905402,
    1.785523, -0.47377488, 0.16598612, 1.2048455, 0.07124729, -0.47377488, 0.19851305,
    -0.04471213, -0.44347957, -0.05601723, 0.16598612, -0.04471213, 0.026050452, 0.12235464,
    0.21136758, 1.2048455, -0.44347957, 0.12235464, 2.5413485]
  typeCode: [0.0]
  clustMean: [6.55967, 0.9586532, 0.7018271, 0.10236469, 1.0166956]
- knownPoints:
    locInFile: [347744, 349392, 351040, 352688, 2844464, 2846112, 2847760, 2849408,
      2851056, 2852704, 2854352, 2856000, 2938400, 2940048, 2941696, 2943344, 2944992,
      2946640, 2948288, 3027392, 3029040, 3030688, 3032336, 3033984, 3035632, 3047168,
      3048816, 3050464, 3052112, 3053760]
    filename: [\\labnas1\Share\David\Extracted\Spatial\N2\18-23GradientC15\OutputFiles\20090226_N2g15_1823_tracks.bin]
  isSharpTurn: [true]
  operation: ['@(x)x.^2', '@(x)abs(x)', '@(x)x', '@(x)abs(x)', '@(x)abs(x)']
  datafields: [covRatio, deltatheta, speed, lrdtheta, ddtheta]
  name: [sudden turns]
  priorProbability: [1.0]
  clustCov: [10.128192, -0.2408833, 0.17264828, -0.0075424775, 0.5126923, -0.2408833,
    0.64202416, -0.18815915, 0.01832212, 0.18444869, 0.17264828, -0.18815915, 0.2710618,
    -0.007969424, -0.12014419, -0.0075424775, 0.01832212, -0.007969424, 0.0024606255,
    0.015223905, 0.5126923, 0.18444869, -0.12014419, 0.015223905, 1.4396363]
  typeCode: [-2.0]
  clustMean: [5.6830153, 0.5503367, 0.82789457, 0.22606285, 1.8395705]
- knownPoints:
    locInFile: [359280, 360928, 362576, 364224, 365872, 367520, 369168, 370816, 372464,
      374112, 375760, 377408, 379056, 380704, 382352, 384000, 385648, 387296, 388944,
      390592, 392240, 726784, 728432, 730080, 731728, 733376, 735024, 736672, 738320,
      739968, 741616, 743264, 744912, 746560, 748208, 749856, 751504, 753152, 754800,
      756448, 758096, 759744, 761392, 763040, 1506288, 1507936, 1509584, 1511232,
      1512880, 1514528, 1516176, 1517824, 1519472, 1521120, 1522768, 1524416, 1526064,
      1527712, 1529360, 1531008, 1532656, 1534304, 1535952, 1537600, 1539248, 1540896,
      1542544, 1544192, 1545840, 1547488, 1549136, 1550784, 1552432, 1554080, 1555728,
      1557376, 1559024, 1560672, 1562320, 1563968, 1565616, 1567264, 1568912, 1570560,
      1572208, 1573856, 1575504, 1577152, 1578800, 1580448, 1582096, 1583744, 1585392,
      1587040, 1588688, 1590336, 1591984, 1593632, 1595280, 1596928, 1598576, 1600224,
      1601872, 1603520, 1605168, 1606816, 1608464, 1610112, 1611760, 1613408, 1615056,
      1616704, 1618352, 2608800, 2610448, 2612096, 2613744, 2615392, 2617040, 2618688,
      2620336, 2621984, 2623632, 2625280, 2626928, 2628576, 2630224, 2631872, 2633520,
      2635168, 2636816, 2638464, 2640112, 2641760, 2643408, 2645056, 2646704, 2648352,
      2650000, 2651648, 2653296, 2654944, 2656592, 2658240, 2892256, 2893904, 2895552,
      2897200, 2898848, 2900496, 2902144, 2903792, 2905440, 2907088, 2908736, 2910384,
      2912032, 2913680, 2915328, 2916976, 2918624, 2920272, 2921920, 2923568, 2925216,
      2926864, 2928512, 2930160, 2931808, 2933456, 3068592, 3070240, 3071888, 3073536,
      3075184, 3076832, 3078480, 3080128, 3081776, 3083424, 3085072, 3086720, 3088368,
      3090016, 3091664, 3093312, 3094960, 3096608, 3098256, 3099904, 3101552, 3103200,
      3104848, 3106496, 3108144, 3109792, 3111440, 3113088, 3114736, 3116384, 3118032,
      3119680, 3121328, 3122976, 3124624, 3126272, 3127920, 3129568, 3131216, 3132864,
      3134512, 3136160, 3137808, 3139456, 3141104, 3142752, 3144400, 3146048, 3147696,
      3149344, 3150992, 3152640, 3154288, 3155936, 3157584, 3159232, 3160880, 3162528,
      3164176, 3165824, 3167472, 3169120, 3170768, 3172416, 3174064, 3175712, 3177360,
      3179008, 3180656, 3182304, 3183952, 3185600, 3187248, 3188896, 3190544, 3192192,
      3193840, 3195488, 3197136, 3198784, 3200432, 3202080, 3203728, 3205376, 3207024,
      3208672, 3210320, 3211968, 3213616, 3215264, 3216912, 3218560, 3220208, 3221856,
      3223504, 3225152, 3226800, 3228448, 3230096, 3403136, 3404784, 3406432, 3408080,
      3409728, 3411376, 3413024, 3414672, 3416320, 3417968, 3419616, 3421264, 3422912,
      3424560, 3426208, 3427856, 3429504, 3431152, 3432800, 3434448, 3436096, 3437744,
      3439392, 3441040, 3442688, 3444336, 3445984, 3447632, 3449280, 3450928, 3452576,
      3454224, 3455872, 3457520, 3459168, 3460816, 3462464, 3464112, 3465760, 3467408,
      3469056, 3470704, 3472352, 3474000, 3475648, 3477296, 3478944, 3480592, 3482240,
      3483888, 3485536, 3487184, 3488832, 3490480, 3492128, 3493776, 3495424, 3497072,
      3498720, 3500368, 3502016, 3503664, 3505312, 3506960, 3508608, 3510256, 3511904,
      3513552, 3515200, 3516848, 3518496, 3520144, 3521792, 3523440, 3525088, 3526736,
      3528384, 3530032, 3531680, 3533328, 3534976, 3536624, 3538272, 3539920, 3541568,
      3543216, 3544864, 3546512, 3548160, 3549808, 3551456, 3553104, 3554752, 3556400,
      3558048, 3559696, 3561344, 3562992, 3564640, 3566288, 3567936, 3569584, 3571232,
      3572880, 3574528, 3576176, 3577824, 3579472, 3581120, 3582768, 3584416, 3586064,
      3587712, 3589360, 3591008, 3592656, 3594304, 3595952, 3597600, 3599248, 3600896,
      3602544, 3604192, 3605840, 3607488, 3609136, 3610784, 3612432, 3614080, 3615728,
      3617376, 3619024, 3620672, 3622320, 3623968, 3625616, 3627264, 3628912, 3630560,
      3632208, 3633856, 3635504, 3637152, 3638800, 3640448, 3642096, 3643744, 3645392,
      3647040, 3648688, 3650336, 3651984, 3653632, 3655280, 3656928, 3658576, 3660224,
      3661872, 3663520, 3665168, 3666816, 3668464, 3670112, 3671760, 3673408, 3675056,
      3676704, 3678352, 3680000, 3681648, 3683296, 3684944, 3686592, 3688240, 3689888,
      3691536, 3693184, 3694832, 3696480, 3698128, 3699776, 3701424, 3703072, 3704720,
      3706368, 3708016, 3709664, 3711312, 3712960, 3714608, 3716256, 3717904, 3719552,
      3721200, 3722848, 3724496, 3726144, 3727792, 3729440, 3731088, 3732736, 3734384,
      3736032, 3737680, 3739328, 3740976, 3742624, 3744272, 3745920, 3747568, 3749216,
      3750864, 3752512, 3754160, 3755808, 3757456, 3759104, 3760752, 3762400, 3764048,
      3765696, 3767344, 3768992, 3770640, 3772288, 3773936, 3775584, 3777232, 3778880,
      3780528, 3782176, 3783824, 3785472, 3787120, 3788768, 3790416, 3792064, 3793712,
      3795360, 3797008, 6425568, 6427216, 6428864, 6430512, 6432160, 6433808, 6435456,
      6437104, 6438752, 6440400, 6442048, 6443696, 6445344, 6446992, 6448640, 6450288,
      6451936, 6453584, 6455232, 6456880, 6458528, 6460176, 6461824, 6463472, 6465120,
      6466768, 6468416, 6470064, 6471712, 6473360, 6475008, 6476656, 6478304, 6479952,
      6481600, 6483248, 6484896, 6486544, 6488192, 6489840, 6491488, 6493136, 6494784,
      6496432, 6498080, 6499728, 6501376, 6503024, 6504672, 6506320, 6507968, 6509616,
      6511264, 6512912, 6514560, 6516208, 6517856, 6519504, 6521152, 6522800, 6524448,
      6526096, 6527744, 6529392, 6531040, 6532688, 6534336, 6535984, 6537632, 6539280,
      6540928, 6542576, 6544224, 6545872, 6547520, 6549168, 6550816, 6552464, 6554112,
      6555760, 6557408, 6559056, 6560704, 6562352, 6564000, 6565648, 6567296, 6568944,
      6570592, 6572240, 6573888, 6575536, 6577184, 6578832, 6580480, 6582128, 6583776,
      6585424, 6587072, 6588720, 6590368, 6592016, 6593664, 6595312, 6596960, 6598608,
      6600256, 6601904, 6603552, 6605200, 6606848, 6608496, 6610144, 6611792, 6613440,
      6615088, 6616736, 6618384, 6620032, 6621680, 6623328, 6624976, 6626624, 6628272,
      6629920, 6631568, 6633216, 6634864, 6636512, 6638160, 6639808, 6641456, 6643104,
      6644752, 6646400, 6648048, 6649696, 6651344, 6652992, 6654640, 6656288, 6657936,
      6659584, 6661232, 6662880, 6664528, 6666176, 6667824, 6669472, 6671120, 6672768,
      6674416, 6676064, 6677712, 6679360, 6681008, 6682656, 6684304, 6685952, 6687600,
      6689248, 6690896, 6692544, 6694192, 6695840, 6697488, 6699136, 6700784, 6702432,
      6704080, 6705728, 6707376, 6709024, 6710672, 6712320, 6713968, 6715616, 6717264,
      6718912, 6720560, 6722208, 6723856, 6725504, 6727152, 6728800, 6730448, 6732096,
      6733744, 6735392, 6737040, 6738688, 6740336, 6741984, 6743632, 6745280, 6746928,
      6748576, 6750224, 6751872, 6753520, 6755168, 6756816, 6758464, 6760112, 6761760,
      6763408, 6765056, 6766704, 6768352, 6770000, 6771648, 6773296, 6774944, 6776592,
      6778240, 6779888, 6781536, 6783184, 6784832, 6786480, 6788128, 6789776, 6791424,
      6793072, 6794720, 6796368, 6798016, 6799664, 6801312, 6802960, 6804608, 6806256,
      6807904, 6809552, 6811200, 6812848, 6814496, 6816144, 6817792, 6819440, 6821088,
      6822736, 6824384, 6826032, 6827680, 6829328, 6830976, 6832624, 6834272, 6835920,
      6837568, 6839216, 6840864, 6999072, 7000720, 7002368, 7004016, 7005664, 7007312,
      7008960, 7010608, 7012256, 7013904, 7015552, 7017200, 7018848, 7020496, 7022144,
      7023792, 7025440, 7027088, 7028736, 7030384, 7032032, 7033680, 7035328, 7036976,
      7038624, 7040272, 7041920, 7043568, 7045216, 7046864, 7048512, 7050160, 7051808,
      7053456, 7055104, 7056752, 7058400, 7060048, 7061696, 7063344, 7064992, 7066640,
      7068288, 7069936, 7071584, 7073232, 7074880, 7076528, 7078176, 7079824, 7081472,
      7083120, 7084768, 7086416, 7088064, 7089712, 7091360, 7093008, 7094656, 7096304,
      7097952, 7099600, 7101248, 7102896, 7104544, 7106192, 7107840, 7109488, 7111136,
      7112784, 7114432, 7116080, 8462496, 8464144, 8465792, 8467440, 8469088, 8470736,
      8472384, 8474032, 8475680, 8477328, 8478976, 8480624, 8482272, 8483920, 8485568,
      8487216, 8488864, 8490512, 8492160, 8493808, 8495456, 8497104, 8498752, 8500400,
      8502048, 8503696, 8505344, 8506992, 8508640, 8510288, 8511936, 8513584, 8515232,
      8516880, 8518528, 8520176, 8521824, 8523472, 8525120, 8526768, 8528416, 8530064,
      8531712, 8533360, 8535008, 8536656, 8538304, 8539952, 8541600, 8543248, 8544896,
      8546544, 8548192, 8549840, 8551488, 8553136, 8554784, 8556432, 8558080, 8559728,
      8561376, 8563024, 8564672, 8566320, 8567968, 8569616, 8571264, 8572912, 8574560,
      8576208, 8577856, 8579504, 8581152, 8582800, 8584448, 8586096, 8587744, 8589392,
      8591040, 8592688, 8594336, 8595984, 8597632, 8599280, 8600928, 8602576, 8604224,
      8605872, 8607520, 8609168, 8610816, 8612464, 8614112, 8615760, 8617408, 8619056,
      8620704, 8622352, 8624000, 8625648, 8627296, 8628944, 8630592, 8632240, 8633888,
      8635536, 8637184, 8638832, 8640480, 8642128, 8643776, 8645424, 8647072, 8648720,
      8650368, 8652016, 8653664, 8655312, 8656960, 8658608, 8660256, 8661904, 8663552,
      8665200, 8666848, 8668496, 8670144, 8671792, 8673440, 8675088, 8676736, 8678384,
      8680032, 8681680, 8683328, 8684976, 8686624, 8688272, 8689920, 8691568, 8693216,
      8694864, 8696512, 8698160, 8699808, 8701456, 8703104, 8704752, 8706400, 8708048,
      8709696, 8711344, 8712992, 8714640, 8716288, 8717936, 8719584, 8721232, 8722880,
      8724528, 8726176, 8727824, 8729472, 8731120, 8732768, 8734416, 8736064, 8737712,
      8739360, 8741008, 8742656, 8744304, 8745952, 8747600, 8749248, 8750896, 8752544,
      8754192, 8755840, 8757488, 8759136, 8760784, 8762432, 8764080, 8765728, 8767376,
      8769024, 8770672, 8772320, 8773968, 8775616, 8777264, 8778912, 8780560, 8782208,
      8783856, 8785504, 8787152, 8788800, 8790448, 8792096, 8793744, 8795392, 8797040,
      8798688, 8800336, 8801984, 8803632, 8805280, 8806928, 8808576, 8810224, 8811872,
      8813520, 8815168, 8816816, 8818464, 8820112, 8821760, 8823408, 8825056, 8826704,
      8828352, 8830000, 8831648, 8833296, 8834944, 8836592, 8838240, 8839888, 8841536,
      8843184, 8844832, 8846480, 8848128, 8849776, 8851424, 8853072, 8854720, 8856368,
      8858016, 8859664, 8861312, 8862960, 8864608, 8866256, 8867904, 8869552, 8871200,
      8872848, 8874496, 8876144, 8877792, 8879440, 8881088, 8882736, 8884384, 8886032,
      8887680, 8889328, 8890976, 8892624, 8894272, 8895920, 8897568, 8899216, 8900864,
      8902512, 8904160, 8905808, 8907456, 8909104, 8910752, 8912400, 8914048, 8915696,
      8917344, 8918992, 8920640, 8922288, 8923936, 8925584, 8927232, 8928880, 8930528,
      8932176, 8933824, 8935472, 8937120, 8938768, 359280, 360928, 362576, 364224,
      365872, 367520, 369168, 370816, 372464, 374112, 375760, 377408, 379056, 380704,
      382352, 384000, 385648, 387296, 388944, 390592, 392240, 726784, 728432, 730080,
      731728, 733376, 735024, 736672, 738320, 739968, 741616, 743264, 744912, 746560,
      748208, 749856, 751504, 753152, 754800, 756448, 758096, 759744, 761392, 763040,
      1506288, 1507936, 1509584, 1511232, 1512880, 1514528, 1516176, 1517824, 1519472,
      1521120, 1522768, 1524416, 1526064, 1527712, 1529360, 1531008, 1532656, 1534304,
      1535952, 1537600, 1539248, 1540896, 1542544, 1544192, 1545840, 1547488, 1549136,
      1550784, 1552432, 1554080, 1555728, 1557376, 1559024, 1560672, 1562320, 1563968,
      1565616, 1567264, 1568912, 1570560, 1572208, 1573856, 1575504, 1577152, 1578800,
      1580448, 1582096, 1583744, 1585392, 1587040, 1588688, 1590336, 1591984, 1593632,
      1595280, 1596928, 1598576, 1600224, 1601872, 1603520, 1605168, 1606816, 1608464,
      1610112, 1611760, 1613408, 1615056, 1616704, 1618352, 2608800, 2610448, 2612096,
      2613744, 2615392, 2617040, 2618688, 2620336, 2621984, 2623632, 2625280, 2626928,
      2628576, 2630224, 2631872, 2633520, 2635168, 2636816, 2638464, 2640112, 2641760,
      2643408, 2645056, 2646704, 2648352, 2650000, 2651648, 2653296, 2654944, 2656592,
      2658240, 2892256, 2893904, 2895552, 2897200, 2898848, 2900496, 2902144, 2903792,
      2905440, 2907088, 2908736, 2910384, 2912032, 2913680, 2915328, 2916976, 2918624,
      2920272, 2921920, 2923568, 2925216, 2926864, 2928512, 2930160, 2931808, 2933456,
      3068592, 3070240, 3071888, 3073536, 3075184, 3076832, 3078480, 3080128, 3081776,
      3083424, 3085072, 3086720, 3088368, 3090016, 3091664, 3093312, 3094960, 3096608,
      3098256, 3099904, 3101552, 3103200, 3104848, 3106496, 3108144, 3109792, 3111440,
      3113088, 3114736, 3116384, 3118032, 3119680, 3121328, 3122976, 3124624, 3126272,
      3127920, 3129568, 3131216, 3132864, 3134512, 3136160, 3137808, 3139456, 3141104,
      3142752, 3144400, 3146048, 3147696, 3149344, 3150992, 3152640, 3154288, 3155936,
      3157584, 3159232, 3160880, 3162528, 3164176, 3165824, 3167472, 3169120, 3170768,
      3172416, 3174064, 3175712, 3177360, 3179008, 3180656, 3182304, 3183952, 3185600,
      3187248, 3188896, 3190544, 3192192, 3193840, 3195488, 3197136, 3198784, 3200432,
      3202080, 3203728, 3205376, 3207024, 3208672, 3210320, 3211968, 3213616, 3215264,
      3216912, 3218560, 3220208, 3221856, 3223504, 3225152, 3226800, 3228448, 3230096,
      3403136, 3404784, 3406432, 3408080, 3409728, 3411376, 3413024, 3414672, 3416320,
      3417968, 3419616, 3421264, 3422912, 3424560, 3426208, 3427856, 3429504, 3431152,
      3432800, 3434448, 3436096, 3437744, 3439392, 3441040, 3442688, 3444336, 3445984,
      3447632, 3449280, 3450928, 3452576, 3454224, 3455872, 3457520, 3459168, 3460816,
      3462464, 3464112, 3465760, 3467408, 3469056, 3470704, 3472352, 3474000, 3475648,
      3477296, 3478944, 3480592, 3482240, 3483888, 3485536, 3487184, 3488832, 3490480,
      3492128, 3493776, 3495424, 3497072, 3498720, 3500368, 3502016, 3503664, 3505312,
      3506960, 3508608, 3510256, 3511904, 3513552, 3515200, 3516848, 3518496, 3520144,
      3521792, 3523440, 3525088, 3526736, 3528384, 3530032, 3531680, 3533328, 3534976,
      3536624, 3538272, 3539920, 3541568, 3543216, 3544864, 3546512, 3548160, 3549808,
      3551456, 3553104, 3554752, 3556400, 3558048, 3559696, 3561344, 3562992, 3564640,
      3566288, 3567936, 3569584, 3571232, 3572880, 3574528, 3576176, 3577824, 3579472,
      3581120, 3582768, 3584416, 3586064, 3587712, 3589360, 3591008, 3592656, 3594304,
      3595952, 3597600, 3599248, 3600896, 3602544, 3604192, 3605840, 3607488, 3609136,
      3610784, 3612432, 3614080, 3615728, 3617376, 3619024, 3620672, 3622320, 3623968,
      3625616, 3627264, 3628912, 3630560, 3632208, 3633856, 3635504, 3637152, 3638800,
      3640448, 3642096, 3643744, 3645392, 3647040, 3648688, 3650336, 3651984, 3653632,
      3655280, 3656928, 3658576, 3660224, 3661872, 3663520, 3665168, 3666816, 3668464,
      3670112, 3671760, 3673408, 3675056, 3676704, 3678352, 3680000, 3681648, 3683296,
      3684944, 3686592, 3688240, 3689888, 3691536, 3693184, 3694832, 3696480, 3698128,
      3699776, 3701424, 3703072, 3704720, 3706368, 3708016, 3709664, 3711312, 3712960,
      3714608, 3716256, 3717904, 3719552, 3721200, 3722848, 3724496, 3726144, 3727792,
      3729440, 3731088, 3732736, 3734384, 3736032, 3737680, 3739328, 3740976, 3742624,
      3744272, 3745920, 3747568, 3749216, 3750864, 3752512, 3754160, 3755808, 3757456,
      3759104, 3760752, 3762400, 3764048, 3765696, 3767344, 3768992, 3770640, 3772288,
      3773936, 3775584, 3777232, 3778880, 3780528, 3782176, 3783824, 3785472, 3787120,
      3788768, 3790416, 3792064, 3793712, 3795360, 3797008, 6425568, 6427216, 6428864,
      6430512, 6432160, 6433808, 6435456, 6437104, 6438752, 6440400, 6442048, 6443696,
      6445344, 6446992, 6448640, 6450288, 6451936, 6453584, 6455232, 6456880, 6458528,
      6460176, 6461824, 6463472, 6465120, 6466768, 6468416, 6470064, 6471712, 6473360,
      6475008, 6476656, 6478304, 6479952, 6481600, 6483248, 6484896, 6486544, 6488192,
      6489840, 6491488, 6493136, 6494784, 6496432, 6498080, 6499728, 6501376, 6503024,
      6504672, 6506320, 6507968, 6509616, 6511264, 6512912, 6514560, 6516208, 6517856,
      6519504, 6521152, 6522800, 6524448, 6526096, 6527744, 6529392, 6531040, 6532688,
      6534336, 6535984, 6537632, 6539280, 6540928, 6542576, 6544224, 6545872, 6547520,
      6549168, 6550816, 6552464, 6554112, 6555760, 6557408, 6559056, 6560704, 6562352,
      6564000, 6565648, 6567296, 6568944, 6570592, 6572240, 6573888, 6575536, 6577184,
      6578832, 6580480, 6582128, 6583776, 6585424, 6587072, 6588720, 6590368, 6592016,
      6593664, 6595312, 6596960, 6598608, 6600256, 6601904, 6603552, 6605200, 6606848,
      6608496, 6610144, 6611792, 6613440, 6615088, 6616736, 6618384, 6620032, 6621680,
      6623328, 6624976, 6626624, 6628272, 6629920, 6631568, 6633216, 6634864, 6636512,
      6638160, 6639808, 6641456, 6643104, 6644752, 6646400, 6648048, 6649696, 6651344,
      6652992, 6654640, 6656288, 6657936, 6659584, 6661232, 6662880, 6664528, 6666176,
      6667824, 6669472, 6671120, 6672768, 6674416, 6676064, 6677712, 6679360, 6681008,
      6682656, 6684304, 6685952, 6687600, 6689248, 6690896, 6692544, 6694192, 6695840,
      6697488, 6699136, 6700784, 6702432, 6704080, 6705728, 6707376, 6709024, 6710672,
      6712320, 6713968, 6715616, 6717264, 6718912, 6720560, 6722208, 6723856, 6725504,
      6727152, 6728800, 6730448, 6732096, 6733744, 6735392, 6737040, 6738688, 6740336,
      6741984, 6743632, 6745280, 6746928, 6748576, 6750224, 6751872, 6753520, 6755168,
      6756816, 6758464, 6760112, 6761760, 6763408, 6765056, 6766704, 6768352, 6770000,
      6771648, 6773296, 6774944, 6776592, 6778240, 6779888, 6781536, 6783184, 6784832,
      6786480, 6788128, 6789776, 6791424, 6793072, 6794720, 6796368, 6798016, 6799664,
      6801312, 6802960, 6804608, 6806256, 6807904, 6809552, 6811200, 6812848, 6814496,
      6816144, 6817792, 6819440, 6821088, 6822736, 6824384, 6826032, 6827680, 6829328,
      6830976, 6832624, 6834272, 6835920, 6837568, 6839216, 6840864, 6999072, 7000720,
      7002368, 7004016, 7005664, 7007312, 7008960, 7010608, 7012256, 7013904, 7015552,
      7017200, 7018848, 7020496, 7022144, 7023792, 7025440, 7027088, 7028736, 7030384,
      7032032, 7033680, 7035328, 7036976, 7038624, 7040272, 7041920, 7043568, 7045216,
      7046864, 7048512, 7050160, 7051808, 7053456, 7055104, 7056752, 7058400, 7060048,
      7061696, 7063344, 7064992, 7066640, 7068288, 7069936, 7071584, 7073232, 7074880,
      7076528, 7078176, 7079824, 7081472, 7083120, 7084768, 7086416, 7088064, 7089712,
      7091360, 7093008, 7094656, 7096304, 7097952, 7099600, 7101248, 7102896, 7104544,
      7106192, 7107840, 7109488, 7111136, 7112784, 7114432, 7116080, 8462496, 8464144,
      8465792, 8467440, 8469088, 8470736, 8472384, 8474032, 8475680, 8477328, 8478976,
      8480624, 8482272, 8483920, 8485568, 8487216, 8488864, 8490512, 8492160, 8493808,
      8495456, 8497104, 8498752, 8500400, 8502048, 8503696, 8505344, 8506992, 8508640,
      8510288, 8511936, 8513584, 8515232, 8516880, 8518528, 8520176, 8521824, 8523472,
      8525120, 8526768, 8528416, 8530064, 8531712, 8533360, 8535008, 8536656, 8538304,
      8539952, 8541600, 8543248, 8544896, 8546544, 8548192, 8549840, 8551488, 8553136,
      8554784, 8556432, 8558080, 8559728, 8561376, 8563024, 8564672, 8566320, 8567968,
      8569616, 8571264, 8572912, 8574560, 8576208, 8577856, 8579504, 8581152, 8582800,
      8584448, 8586096, 8587744, 8589392, 8591040, 8592688, 8594336, 8595984, 8597632,
      8599280, 8600928, 8602576, 8604224, 8605872, 8607520, 8609168, 8610816, 8612464,
      8614112, 8615760, 8617408, 8619056, 8620704, 8622352, 8624000, 8625648, 8627296,
      8628944, 8630592, 8632240, 8633888, 8635536, 8637184, 8638832, 8640480, 8642128,
      8643776, 8645424, 8647072, 8648720, 8650368, 8652016, 8653664, 8655312, 8656960,
      8658608, 8660256, 8661904, 8663552, 8665200, 8666848, 8668496, 8670144, 8671792,
      8673440, 8675088, 8676736, 8678384, 8680032, 8681680, 8683328, 8684976, 8686624,
      8688272, 8689920, 8691568, 8693216, 8694864, 8696512, 8698160, 8699808, 8701456,
      8703104, 8704752, 8706400, 8708048, 8709696, 8711344, 8712992, 8714640, 8716288,
      8717936, 8719584, 8721232, 8722880, 8724528, 8726176, 8727824, 8729472, 8731120,
      8732768, 8734416, 8736064, 8737712, 8739360, 8741008, 8742656, 8744304, 8745952,
      8747600, 8749248, 8750896, 8752544, 8754192, 8755840, 8757488, 8759136, 8760784,
      8762432, 8764080, 8765728, 8767376, 8769024, 8770672, 8772320, 8773968, 8775616,
      8777264, 8778912, 8780560, 8782208, 8783856, 8785504, 8787152, 8788800, 8790448,
      8792096, 8793744, 8795392, 8797040, 8798688, 8800336, 8801984, 8803632, 8805280,
      8806928, 8808576, 8810224, 8811872, 8813520, 8815168, 8816816, 8818464, 8820112,
      8821760, 8823408, 8825056, 8826704, 8828352, 8830000, 8831648, 8833296, 8834944,
      8836592, 8838240, 8839888, 8841536, 8843184, 8844832, 8846480, 8848128, 8849776,
      8851424, 8853072, 8854720, 8856368, 8858016, 8859664, 8861312, 8862960, 8864608,
      8866256, 8867904, 8869552, 8871200, 8872848, 8874496, 8876144, 8877792, 8879440,
      8881088, 8882736, 8884384, 8886032, 8887680, 8889328, 8890976, 8892624, 8894272,
      8895920, 8897568, 8899216, 8900864, 8902512, 8904160, 8905808, 8907456, 8909104,
      8910752, 8912400, 8914048, 8915696, 8917344, 8918992, 8920640, 8922288, 8923936,
      8925584, 8927232, 8928880, 8930528, 8932176, 8933824, 8935472, 8937120, 8938768,
      11646440, 11648088, 11649736, 11651384, 11653032, 11654680, 11656328, 11657976,
      11659624, 11661272, 11662920, 11664568, 11666216, 11667864, 11669512, 11671160,
      11672808, 11674456, 11676104, 11677752, 11679400, 11681048, 11682696, 11684344,
      11685992, 11687640, 11689288, 11690936, 11692584, 11694232, 11695880, 11697528,
      11699176, 11700824, 11702472, 11704120, 11705768, 11707416, 11709064, 11710712,
      11712360, 11714008, 11715656, 11717304, 11718952]
    filename: [\\labnas1\Share\David\Extracted\Spatial\N2\18-23GradientC15\OutputFiles\20090226_N2g15_1823_tracks.bin]
  isSharpTurn: [false]
  operation: ['@(x)x.^2', '@(x)abs(x)', '@(x)x', '@(x)abs(x)', '@(x)abs(x)']
  datafields: [covRatio, deltatheta, speed, lrdtheta, ddtheta]
  name: [runs]
  priorProbability: [1.0]
  clustCov: [6.825235, -0.07061489, 0.19334155, -0.01499896, -0.08025472, -0.07061489,
    0.014406991, -0.014533615, 0.0012909175, 0.009055495, 0.19334155, -0.014533615,
    0.18979889, -0.001248609, -0.023390511, -0.01499896, 0.0012909175, -0.001248609,
    5.018824E-4, 0.0016329939, -0.08025472, 0.009055495, -0.023390511, 0.0016329939,
    0.040542427]
  typeCode: [0.0]
  clustMean: [6.838467, 0.103804685, 1.221428, 0.019001866, 0.12894304]
weightOnKnown: [0.7]
derivationRules:
  interpTime: [0.25]
  smoothTime: [0.5]
  derivTime: [0.25]
