experimentNames: [\\labnas1\Share\David\Extracted\Spatial\N2\18-23GradientC15\OutputFiles\20090226_N2g15_1823_tracks.bin]
segmentationClusters:
- knownPoints:
    locInFile: [529024, 530672, 532320, 533968, 535616, 537264, 538912, 682288, 683936,
      685584, 687232, 688880, 1150320, 1151968, 1153616, 1155264, 1732064, 1733712,
      1735360, 1737008, 1738656, 1740304, 1741952, 1875440, 1877088, 1878736, 1880384,
      1882032, 1883680, 1885328, 2130880, 2132528, 2134176, 2414336, 2415984, 2417632,
      2419280, 2420928, 2422576, 3342160, 3343808, 3345456, 3347104, 3348752, 3350400,
      6371184, 6372832, 6374480, 6376128, 6377776, 6379424, 6381072, 6382720, 6384368,
      6386016, 6387664, 6389312, 6390960]
    filename: [\\labnas1\Share\David\Extracted\Spatial\N2\18-23GradientC15\OutputFiles\20090226_N2g15_1823_tracks.bin]
  isSharpTurn: [true]
  operation: ['@(x)x.^2', '@(x)abs(x)', '@(x)x', '@(x)abs(x)', '@(x)abs(x)']
  datafields: [covRatio, deltatheta, speed, lrdtheta, ddtheta]
  name: [omega turns]
  priorProbability: [0.027054782087132]
  clustCov: [0.5085156900122281, -0.18635646122271587, 0.08555312869650143, -0.008988324198599086,
    -0.3172694495348504, -0.18635646122271587, 1.008337732292242, -0.2157011198432763,
    0.033790249475435304, 0.30924332192692233, 0.08555312869650143, -0.2157011198432763,
    0.17646865163496347, -0.019678150008760626, -0.17743303172476504, -0.008988324198599086,
    0.033790249475435304, -0.019678150008760626, 0.0065323933010816276, 0.02772287579442543,
    -0.3172694495348504, 0.30924332192692233, -0.17743303172476504, 0.02772287579442543,
    1.2074911324496729]
  typeCode: [-1.0]
  clustMean: [2.445818858402774, 1.0224629361060322, 0.43451488751488837, 0.2119168355651021,
    1.4476809089200475]
- knownPoints:
    locInFile: [402128, 403776, 405424, 407072, 408720, 410368, 412016, 413664, 415312,
      512544, 514192, 515840, 517488, 519136, 611424, 613072, 614720, 616368, 618016,
      665808, 667456, 669104, 670752, 1120656, 1122304, 1123952, 1125600, 1127248,
      1704048, 1705696, 1707344, 1708992, 1710640, 1712288, 1713936, 1850720, 1852368,
      1854016, 1855664, 1924880, 1926528, 1928176, 1929824, 2112752, 2114400, 2116048,
      2117696, 2119344, 2149008, 2150656, 2152304, 2153952, 2155600, 2157248, 2158896,
      2160544, 2162192, 2163840, 2165488, 2167136, 2168784, 2170432, 2172080, 2173728,
      2175376, 2177024, 2178672, 6361296, 6362944, 6364592, 6366240, 6367888, 6369536]
    filename: [\\labnas1\Share\David\Extracted\Spatial\N2\18-23GradientC15\OutputFiles\20090226_N2g15_1823_tracks.bin]
  isSharpTurn: [true]
  operation: ['@(x)x.^2', '@(x)abs(x)', '@(x)x', '@(x)abs(x)', '@(x)abs(x)']
  datafields: [covRatio, deltatheta, speed, lrdtheta, ddtheta]
  name: [reversals]
  priorProbability: [0.036071143909651326]
  clustCov: [3.3014695103453655, 0.18856147529516668, -0.09405417870036757, 0.0157546389262405,
    0.23398271201277596, 0.18856147529516668, 1.6301090329689798, -0.5610281930377378,
    0.062181244102687334, 0.7757412476421782, -0.09405417870036757, -0.5610281930377378,
    0.45275122195705775, -0.03830809345804779, -0.5237617063672318, 0.0157546389262405,
    0.062181244102687334, -0.03830809345804779, 0.007513259140528071, 0.09294530474423114,
    0.23398271201277596, 0.7757412476421782, -0.5237617063672318, 0.09294530474423114,
    2.135494380738826]
  typeCode: [1.0]
  clustMean: [6.936029936785013, 0.9101365247518278, 0.9583607133060726, 0.1674814065615195,
    1.6837517849839225]
- knownPoints:
    locInFile: [1339840, 1341488, 1343136, 1344784, 1346432, 1348080]
    filename: [\\labnas1\Share\David\Extracted\Spatial\N2\18-23GradientC15\OutputFiles\20090226_N2g15_1823_tracks.bin]
  isSharpTurn: [true]
  operation: ['@(x)x.^2', '@(x)abs(x)', '@(x)x', '@(x)abs(x)', '@(x)abs(x)']
  datafields: [covRatio, deltatheta, speed, lrdtheta, ddtheta]
  name: [blips]
  priorProbability: [8.824995074563423E-4]
  clustCov: [6.557234683864649, -0.8200459755578061, 0.36141423290046376, -0.05167780186347941,
    0.5311240080501509, -0.8200459755578061, 1.5336005172769585, -0.3099333237897617,
    0.043539493543820265, -0.5780301333601064, 0.36141423290046376, -0.3099333237897617,
    0.07914525208138334, -0.013525056358334031, 0.1534870645743455, -0.05167780186347941,
    0.043539493543820265, -0.013525056358334031, 0.003140545396404155, -0.03239277811318545,
    0.5311240080501509, -0.5780301333601064, 0.1534870645743455, -0.03239277811318545,
    1.307024325785451]
  typeCode: [0.0]
  clustMean: [12.901585497554887, 1.8851913028368552, 0.3382711040688311, 0.34293101917862734,
    2.081710948083361]
- knownPoints:
    locInFile: [347744, 349392, 351040, 352688, 2350064, 2351712, 2353360, 2355008,
      2844464, 2846112, 2847760, 2849408, 2851056, 2852704, 2854352, 2856000, 2938400,
      2940048, 2941696, 2943344, 2944992, 2946640, 2948288, 3027392, 3029040, 3030688,
      3032336, 3033984, 3035632, 3047168, 3048816, 3050464, 3052112, 3053760, 7860976,
      7862624, 7864272, 7892288, 7893936, 7895584, 7897232, 8452608, 8454256, 8455904,
      347744, 349392, 351040, 352688, 2350064, 2351712, 2353360, 2355008, 2844464,
      2846112, 2847760, 2849408, 2851056, 2852704, 2854352, 2856000, 2938400, 2940048,
      2941696, 2943344, 2944992, 2946640, 2948288, 3027392, 3029040, 3030688, 3032336,
      3033984, 3035632, 3047168, 3048816, 3050464, 3052112, 3053760, 7860976, 7862624,
      7864272, 7892288, 7893936, 7895584, 7897232, 8452608, 8454256, 8455904, 347744,
      349392, 351040, 352688, 2350064, 2351712, 2353360, 2355008, 2844464, 2846112,
      2847760, 2849408, 2851056, 2852704, 2854352, 2856000, 2938400, 2940048, 2941696,
      2943344, 2944992, 2946640, 2948288, 3027392, 3029040, 3030688, 3032336, 3033984,
      3035632, 3047168, 3048816, 3050464, 3052112, 3053760, 7860976, 7862624, 7864272,
      7892288, 7893936, 7895584, 7897232, 8452608, 8454256, 8455904, 347744, 349392,
      351040, 352688, 2350064, 2351712, 2353360, 2355008, 2844464, 2846112, 2847760,
      2849408, 2851056, 2852704, 2854352, 2856000, 2938400, 2940048, 2941696, 2943344,
      2944992, 2946640, 2948288, 3027392, 3029040, 3030688, 3032336, 3033984, 3035632,
      3047168, 3048816, 3050464, 3052112, 3053760, 7860976, 7862624, 7864272, 7892288,
      7893936, 7895584, 7897232, 8452608, 8454256, 8455904, 347744, 349392, 351040,
      352688, 2350064, 2351712, 2353360, 2355008, 2844464, 2846112, 2847760, 2849408,
      2851056, 2852704, 2854352, 2856000, 2938400, 2940048, 2941696, 2943344, 2944992,
      2946640, 2948288, 3027392, 3029040, 3030688, 3032336, 3033984, 3035632, 3047168,
      3048816, 3050464, 3052112, 3053760, 7860976, 7862624, 7864272, 7892288, 7893936,
      7895584, 7897232, 8452608, 8454256, 8455904]
    filename: [\\labnas1\Share\David\Extracted\Spatial\N2\18-23GradientC15\OutputFiles\20090226_N2g15_1823_tracks.bin]
  isSharpTurn: [true]
  operation: ['@(x)x.^2', '@(x)abs(x)', '@(x)x', '@(x)abs(x)', '@(x)abs(x)']
  datafields: [covRatio, deltatheta, speed, lrdtheta, ddtheta]
  name: [sudden turns]
  priorProbability: [0.05518797251986485]
  clustCov: [7.861247877882219, -0.09926090625631993, -0.10103801577312214, -0.011680287711537543,
    -0.07370460303239, -0.09926090625631993, 0.01262915381455353, -0.0011442532711744106,
    0.0011401726989743795, 0.0036255138225096063, -0.10103801577312214, -0.0011442532711744106,
    0.2371262917335475, -2.474811620071696E-4, -0.010751983007336511, -0.011680287711537543,
    0.0011401726989743795, -2.474811620071696E-4, 1.7418119813400798E-4, 5.961884678841332E-4,
    -0.07370460303239, 0.0036255138225096063, -0.010751983007336511, 5.961884678841332E-4,
    0.014587572592217471]
  typeCode: [-2.0]
  clustMean: [5.244125635232768, 0.3344516157849964, 1.40103370581328, 0.06787012129990035,
    0.13902187135686855]
- knownPoints:
    locInFile: [359280, 360928, 362576, 364224, 365872, 367520, 369168, 370816, 372464,
      374112, 375760, 377408, 379056, 380704, 382352, 384000, 385648, 387296, 388944,
      390592, 392240, 726784, 728432, 730080, 731728, 733376, 735024, 736672, 738320,
      739968, 741616, 743264, 744912, 746560, 748208, 749856, 751504, 753152, 754800,
      756448, 758096, 759744, 761392, 763040, 2608800, 2610448, 2612096, 2613744,
      2615392, 2617040, 2618688, 2620336, 2621984, 2623632, 2625280, 2626928, 2628576,
      2630224, 2631872, 2633520, 2635168, 2636816, 2638464, 2640112, 2641760, 2643408,
      2645056, 2646704, 2648352, 2650000, 2651648, 2653296, 2654944, 2656592, 2658240,
      2892256, 2893904, 2895552, 2897200, 2898848, 2900496, 2902144, 2903792, 2905440,
      2907088, 2908736, 2910384, 2912032, 2913680, 2915328, 2916976, 2918624, 2920272,
      2921920, 2923568, 2925216, 2926864, 2928512, 2930160, 2931808, 2933456, 3068592,
      3070240, 3071888, 3073536, 3075184, 3076832, 3078480, 3080128, 3081776, 3083424,
      3085072, 3086720, 3088368, 3090016, 3091664, 3093312, 3094960, 3096608, 3098256,
      3099904, 3101552, 3103200, 3104848, 3106496, 3108144, 3109792, 3111440, 3113088,
      3114736, 3116384, 3118032, 3119680, 3121328, 3122976, 3124624, 3126272, 3127920,
      3129568, 3131216, 3132864, 3134512, 3136160, 3137808, 3139456, 3141104, 3142752,
      3144400, 3146048, 3147696, 3149344, 3150992, 3152640, 3154288, 3155936, 3157584,
      3159232, 3160880, 3162528, 3164176, 3165824, 3167472, 3169120, 3170768, 3172416,
      3174064, 3175712, 3177360, 3179008, 3180656, 3182304, 3183952, 3185600, 3187248,
      3188896, 3190544, 3192192, 3193840, 3195488, 3197136, 3198784, 3200432, 3202080,
      3203728, 3205376, 3207024, 3208672, 3210320, 3211968, 3213616, 3215264, 3216912,
      3218560, 3220208, 3221856, 3223504, 3225152, 3226800, 3228448, 3230096, 3403136,
      3404784, 3406432, 3408080, 3409728, 3411376, 3413024, 3414672, 3416320, 3417968,
      3419616, 3421264, 3422912, 3424560, 3426208, 3427856, 3429504, 3431152, 3432800,
      3434448, 3436096, 3437744, 3439392, 3441040, 3442688, 3444336, 3445984, 3447632,
      3449280, 3450928, 3452576, 3454224, 3455872, 3457520, 3459168, 3460816, 3462464,
      3464112, 3465760, 3467408, 3469056, 3470704, 3472352, 3474000, 3475648, 3477296,
      3478944, 3480592, 3482240, 3483888, 3485536, 3487184, 3488832, 3490480, 3492128,
      3493776, 3495424, 3497072, 3498720, 3500368, 3502016, 3503664, 3505312, 3506960,
      3508608, 3510256, 3511904, 3513552, 3515200, 3516848, 3518496, 3520144, 3521792,
      3523440, 3525088, 3526736, 3528384, 3530032, 3531680, 3533328, 3534976, 3536624,
      3538272, 3539920, 3541568, 3543216, 3544864, 3546512, 3548160, 3549808, 3551456,
      3553104, 3554752, 3556400, 3558048, 3559696, 3561344, 3562992, 3564640, 3566288,
      3567936, 3569584, 3571232, 3572880, 3574528, 3576176, 3577824, 3579472, 3581120,
      3582768, 3584416, 3586064, 3587712, 3589360, 3591008, 3592656, 3594304, 3595952,
      3597600, 3599248, 3600896, 3602544, 3604192, 3605840, 3607488, 3609136, 3610784,
      3612432, 3614080, 3615728, 3617376, 3619024, 3620672, 3622320, 3623968, 3625616,
      3627264, 3628912, 3630560, 3632208, 3633856, 3635504, 3637152, 3638800, 3640448,
      3642096, 3643744, 3645392, 3647040, 3648688, 3650336, 3651984, 3653632, 3655280,
      3656928, 3658576, 3660224, 3661872, 3663520, 3665168, 3666816, 3668464, 3670112,
      3671760, 3673408, 3675056, 3676704, 3678352, 3680000, 3681648, 3683296, 3684944,
      3686592, 3688240, 3689888, 3691536, 3693184, 3694832, 3696480, 3698128, 3699776,
      3701424, 3703072, 3704720, 3706368, 3708016, 3709664, 3711312, 3712960, 3714608,
      3716256, 3717904, 3719552, 3721200, 3722848, 3724496, 3726144, 3727792, 3729440,
      3731088, 3732736, 3734384, 3736032, 3737680, 3739328, 3740976, 3742624, 3744272,
      3745920, 3747568, 3749216, 3750864, 3752512, 3754160, 3755808, 3757456, 3759104,
      3760752, 3762400, 3764048, 3765696, 3767344, 3768992, 3770640, 3772288, 3773936,
      3775584, 3777232, 3778880, 3780528, 3782176, 3783824, 3785472, 3787120, 3788768,
      3790416, 3792064, 3793712, 3795360, 3797008, 6425568, 6427216, 6428864, 6430512,
      6432160, 6433808, 6435456, 6437104, 6438752, 6440400, 6442048, 6443696, 6445344,
      6446992, 6448640, 6450288, 6451936, 6453584, 6455232, 6456880, 6458528, 6460176,
      6461824, 6463472, 6465120, 6466768, 6468416, 6470064, 6471712, 6473360, 6475008,
      6476656, 6478304, 6479952, 6481600, 6483248, 6484896, 6486544, 6488192, 6489840,
      6491488, 6493136, 6494784, 6496432, 6498080, 6499728, 6501376, 6503024, 6504672,
      6506320, 6507968, 6509616, 6511264, 6512912, 6514560, 6516208, 6517856, 6519504,
      6521152, 6522800, 6524448, 6526096, 6527744, 6529392, 6531040, 6532688, 6534336,
      6535984, 6537632, 6539280, 6540928, 6542576, 6544224, 6545872, 6547520, 6549168,
      6550816, 6552464, 6554112, 6555760, 6557408, 6559056, 6560704, 6562352, 6564000,
      6565648, 6567296, 6568944, 6570592, 6572240, 6573888, 6575536, 6577184, 6578832,
      6580480, 6582128, 6583776, 6585424, 6587072, 6588720, 6590368, 6592016, 6593664,
      6595312, 6596960, 6598608, 6600256, 6601904, 6603552, 6605200, 6606848, 6608496,
      6610144, 6611792, 6613440, 6615088, 6616736, 6618384, 6620032, 6621680, 6623328,
      6624976, 6626624, 6628272, 6629920, 6631568, 6633216, 6634864, 6636512, 6638160,
      6639808, 6641456, 6643104, 6644752, 6646400, 6648048, 6649696, 6651344, 6652992,
      6654640, 6656288, 6657936, 6659584, 6661232, 6662880, 6664528, 6666176, 6667824,
      6669472, 6671120, 6672768, 6674416, 6676064, 6677712, 6679360, 6681008, 6682656,
      6684304, 6685952, 6687600, 6689248, 6690896, 6692544, 6694192, 6695840, 6697488,
      6699136, 6700784, 6702432, 6704080, 6705728, 6707376, 6709024, 6710672, 6712320,
      6713968, 6715616, 6717264, 6718912, 6720560, 6722208, 6723856, 6725504, 6727152,
      6728800, 6730448, 6732096, 6733744, 6735392, 6737040, 6738688, 6740336, 6741984,
      6743632, 6745280, 6746928, 6748576, 6750224, 6751872, 6753520, 6755168, 6756816,
      6758464, 6760112, 6761760, 6763408, 6765056, 6766704, 6768352, 6770000, 6771648,
      6773296, 6774944, 6776592, 6778240, 6779888, 6781536, 6783184, 6784832, 6786480,
      6788128, 6789776, 6791424, 6793072, 6794720, 6796368, 6798016, 6799664, 6801312,
      6802960, 6804608, 6806256, 6807904, 6809552, 6811200, 6812848, 6814496, 6816144,
      6817792, 6819440, 6821088, 6822736, 6824384, 6826032, 6827680, 6829328, 6830976,
      6832624, 6834272, 6835920, 6837568, 6839216, 6840864, 6999072, 7000720, 7002368,
      7004016, 7005664, 7007312, 7008960, 7010608, 7012256, 7013904, 7015552, 7017200,
      7018848, 7020496, 7022144, 7023792, 7025440, 7027088, 7028736, 7030384, 7032032,
      7033680, 7035328, 7036976, 7038624, 7040272, 7041920, 7043568, 7045216, 7046864,
      7048512, 7050160, 7051808, 7053456, 7055104, 7056752, 7058400, 7060048, 7061696,
      7063344, 7064992, 7066640, 7068288, 7069936, 7071584, 7073232, 7074880, 7076528,
      7078176, 7079824, 7081472, 7083120, 7084768, 7086416, 7088064, 7089712, 7091360,
      7093008, 7094656, 7096304, 7097952, 7099600, 7101248, 7102896, 7104544, 7106192,
      7107840, 7109488, 7111136, 7112784, 7114432, 7116080, 7692880, 7694528, 7696176,
      7697824, 7699472, 7701120, 7702768, 7704416, 7706064, 7707712, 7709360, 7711008,
      7712656, 7714304, 7715952, 7717600, 7719248, 7720896, 7722544, 7724192, 7725840,
      7727488, 7729136, 7730784, 7732432, 7734080, 7735728, 7737376, 7739024, 7740672,
      7742320, 7743968, 7745616, 7747264, 7748912, 7750560, 7752208, 7753856, 7755504,
      7757152, 7758800, 7760448, 7762096, 7763744, 7765392, 7767040, 7768688, 7770336,
      7771984, 7773632, 7775280, 7776928, 7778576, 7780224, 7781872, 7783520, 7785168,
      7786816, 7788464, 7790112, 7791760, 7793408, 7795056, 7796704, 7798352, 7800000,
      7801648, 7803296, 7804944, 7806592, 7808240, 7809888, 7811536, 7813184, 7814832,
      7816480, 7818128, 7819776, 7821424, 7823072, 7824720, 7826368, 7828016, 7829664,
      7831312, 7832960, 7834608, 7836256, 7837904, 7839552, 7841200, 7842848, 7844496,
      7846144, 7847792, 7849440, 8462496, 8464144, 8465792, 8467440, 8469088, 8470736,
      8472384, 8474032, 8475680, 8477328, 8478976, 8480624, 8482272, 8483920, 8485568,
      8487216, 8488864, 8490512, 8492160, 8493808, 8495456, 8497104, 8498752, 8500400,
      8502048, 8503696, 8505344, 8506992, 8508640, 8510288, 8511936, 8513584, 8515232,
      8516880, 8518528, 8520176, 8521824, 8523472, 8525120, 8526768, 8528416, 8530064,
      8531712, 8533360, 8535008, 8536656, 8538304, 8539952, 8541600, 8543248, 8544896,
      8546544, 8548192, 8549840, 8551488, 8553136, 8554784, 8556432, 8558080, 8559728,
      8561376, 8563024, 8564672, 8566320, 8567968, 8569616, 8571264, 8572912, 8574560,
      8576208, 8577856, 8579504, 8581152, 8582800, 8584448, 8586096, 8587744, 8589392,
      8591040, 8592688, 8594336, 8595984, 8597632, 8599280, 8600928, 8602576, 8604224,
      8605872, 8607520, 8609168, 8610816, 8612464, 8614112, 8615760, 8617408, 8619056,
      8620704, 8622352, 8624000, 8625648, 8627296, 8628944, 8630592, 8632240, 8633888,
      8635536, 8637184, 8638832, 8640480, 8642128, 8643776, 8645424, 8647072, 8648720,
      8650368, 8652016, 8653664, 8655312, 8656960, 8658608, 8660256, 8661904, 8663552,
      8665200, 8666848, 8668496, 8670144, 8671792, 8673440, 8675088, 8676736, 8678384,
      8680032, 8681680, 8683328, 8684976, 8686624, 8688272, 8689920, 8691568, 8693216,
      8694864, 8696512, 8698160, 8699808, 8701456, 8703104, 8704752, 8706400, 8708048,
      8709696, 8711344, 8712992, 8714640, 8716288, 8717936, 8719584, 8721232, 8722880,
      8724528, 8726176, 8727824, 8729472, 8731120, 8732768, 8734416, 8736064, 8737712,
      8739360, 8741008, 8742656, 8744304, 8745952, 8747600, 8749248, 8750896, 8752544,
      8754192, 8755840, 8757488, 8759136, 8760784, 8762432, 8764080, 8765728, 8767376,
      8769024, 8770672, 8772320, 8773968, 8775616, 8777264, 8778912, 8780560, 8782208,
      8783856, 8785504, 8787152, 8788800, 8790448, 8792096, 8793744, 8795392, 8797040,
      8798688, 8800336, 8801984, 8803632, 8805280, 8806928, 8808576, 8810224, 8811872,
      8813520, 8815168, 8816816, 8818464, 8820112, 8821760, 8823408, 8825056, 8826704,
      8828352, 8830000, 8831648, 8833296, 8834944, 8836592, 8838240, 8839888, 8841536,
      8843184, 8844832, 8846480, 8848128, 8849776, 8851424, 8853072, 8854720, 8856368,
      8858016, 8859664, 8861312, 8862960, 8864608, 8866256, 8867904, 8869552, 8871200,
      8872848, 8874496, 8876144, 8877792, 8879440, 8881088, 8882736, 8884384, 8886032,
      8887680, 8889328, 8890976, 8892624, 8894272, 8895920, 8897568, 8899216, 8900864,
      8902512, 8904160, 8905808, 8907456, 8909104, 8910752, 8912400, 8914048, 8915696,
      8917344, 8918992, 8920640, 8922288, 8923936, 8925584, 8927232, 8928880, 8930528,
      8932176, 8933824, 8935472, 8937120, 8938768, 359280, 360928, 362576, 364224,
      365872, 367520, 369168, 370816, 372464, 374112, 375760, 377408, 379056, 380704,
      382352, 384000, 385648, 387296, 388944, 390592, 392240, 726784, 728432, 730080,
      731728, 733376, 735024, 736672, 738320, 739968, 741616, 743264, 744912, 746560,
      748208, 749856, 751504, 753152, 754800, 756448, 758096, 759744, 761392, 763040,
      2608800, 2610448, 2612096, 2613744, 2615392, 2617040, 2618688, 2620336, 2621984,
      2623632, 2625280, 2626928, 2628576, 2630224, 2631872, 2633520, 2635168, 2636816,
      2638464, 2640112, 2641760, 2643408, 2645056, 2646704, 2648352, 2650000, 2651648,
      2653296, 2654944, 2656592, 2658240, 2892256, 2893904, 2895552, 2897200, 2898848,
      2900496, 2902144, 2903792, 2905440, 2907088, 2908736, 2910384, 2912032, 2913680,
      2915328, 2916976, 2918624, 2920272, 2921920, 2923568, 2925216, 2926864, 2928512,
      2930160, 2931808, 2933456, 3068592, 3070240, 3071888, 3073536, 3075184, 3076832,
      3078480, 3080128, 3081776, 3083424, 3085072, 3086720, 3088368, 3090016, 3091664,
      3093312, 3094960, 3096608, 3098256, 3099904, 3101552, 3103200, 3104848, 3106496,
      3108144, 3109792, 3111440, 3113088, 3114736, 3116384, 3118032, 3119680, 3121328,
      3122976, 3124624, 3126272, 3127920, 3129568, 3131216, 3132864, 3134512, 3136160,
      3137808, 3139456, 3141104, 3142752, 3144400, 3146048, 3147696, 3149344, 3150992,
      3152640, 3154288, 3155936, 3157584, 3159232, 3160880, 3162528, 3164176, 3165824,
      3167472, 3169120, 3170768, 3172416, 3174064, 3175712, 3177360, 3179008, 3180656,
      3182304, 3183952, 3185600, 3187248, 3188896, 3190544, 3192192, 3193840, 3195488,
      3197136, 3198784, 3200432, 3202080, 3203728, 3205376, 3207024, 3208672, 3210320,
      3211968, 3213616, 3215264, 3216912, 3218560, 3220208, 3221856, 3223504, 3225152,
      3226800, 3228448, 3230096, 3403136, 3404784, 3406432, 3408080, 3409728, 3411376,
      3413024, 3414672, 3416320, 3417968, 3419616, 3421264, 3422912, 3424560, 3426208,
      3427856, 3429504, 3431152, 3432800, 3434448, 3436096, 3437744, 3439392, 3441040,
      3442688, 3444336, 3445984, 3447632, 3449280, 3450928, 3452576, 3454224, 3455872,
      3457520, 3459168, 3460816, 3462464, 3464112, 3465760, 3467408, 3469056, 3470704,
      3472352, 3474000, 3475648, 3477296, 3478944, 3480592, 3482240, 3483888, 3485536,
      3487184, 3488832, 3490480, 3492128, 3493776, 3495424, 3497072, 3498720, 3500368,
      3502016, 3503664, 3505312, 3506960, 3508608, 3510256, 3511904, 3513552, 3515200,
      3516848, 3518496, 3520144, 3521792, 3523440, 3525088, 3526736, 3528384, 3530032,
      3531680, 3533328, 3534976, 3536624, 3538272, 3539920, 3541568, 3543216, 3544864,
      3546512, 3548160, 3549808, 3551456, 3553104, 3554752, 3556400, 3558048, 3559696,
      3561344, 3562992, 3564640, 3566288, 3567936, 3569584, 3571232, 3572880, 3574528,
      3576176, 3577824, 3579472, 3581120, 3582768, 3584416, 3586064, 3587712, 3589360,
      3591008, 3592656, 3594304, 3595952, 3597600, 3599248, 3600896, 3602544, 3604192,
      3605840, 3607488, 3609136, 3610784, 3612432, 3614080, 3615728, 3617376, 3619024,
      3620672, 3622320, 3623968, 3625616, 3627264, 3628912, 3630560, 3632208, 3633856,
      3635504, 3637152, 3638800, 3640448, 3642096, 3643744, 3645392, 3647040, 3648688,
      3650336, 3651984, 3653632, 3655280, 3656928, 3658576, 3660224, 3661872, 3663520,
      3665168, 3666816, 3668464, 3670112, 3671760, 3673408, 3675056, 3676704, 3678352,
      3680000, 3681648, 3683296, 3684944, 3686592, 3688240, 3689888, 3691536, 3693184,
      3694832, 3696480, 3698128, 3699776, 3701424, 3703072, 3704720, 3706368, 3708016,
      3709664, 3711312, 3712960, 3714608, 3716256, 3717904, 3719552, 3721200, 3722848,
      3724496, 3726144, 3727792, 3729440, 3731088, 3732736, 3734384, 3736032, 3737680,
      3739328, 3740976, 3742624, 3744272, 3745920, 3747568, 3749216, 3750864, 3752512,
      3754160, 3755808, 3757456, 3759104, 3760752, 3762400, 3764048, 3765696, 3767344,
      3768992, 3770640, 3772288, 3773936, 3775584, 3777232, 3778880, 3780528, 3782176,
      3783824, 3785472, 3787120, 3788768, 3790416, 3792064, 3793712, 3795360, 3797008,
      6425568, 6427216, 6428864, 6430512, 6432160, 6433808, 6435456, 6437104, 6438752,
      6440400, 6442048, 6443696, 6445344, 6446992, 6448640, 6450288, 6451936, 6453584,
      6455232, 6456880, 6458528, 6460176, 6461824, 6463472, 6465120, 6466768, 6468416,
      6470064, 6471712, 6473360, 6475008, 6476656, 6478304, 6479952, 6481600, 6483248,
      6484896, 6486544, 6488192, 6489840, 6491488, 6493136, 6494784, 6496432, 6498080,
      6499728, 6501376, 6503024, 6504672, 6506320, 6507968, 6509616, 6511264, 6512912,
      6514560, 6516208, 6517856, 6519504, 6521152, 6522800, 6524448, 6526096, 6527744,
      6529392, 6531040, 6532688, 6534336, 6535984, 6537632, 6539280, 6540928, 6542576,
      6544224, 6545872, 6547520, 6549168, 6550816, 6552464, 6554112, 6555760, 6557408,
      6559056, 6560704, 6562352, 6564000, 6565648, 6567296, 6568944, 6570592, 6572240,
      6573888, 6575536, 6577184, 6578832, 6580480, 6582128, 6583776, 6585424, 6587072,
      6588720, 6590368, 6592016, 6593664, 6595312, 6596960, 6598608, 6600256, 6601904,
      6603552, 6605200, 6606848, 6608496, 6610144, 6611792, 6613440, 6615088, 6616736,
      6618384, 6620032, 6621680, 6623328, 6624976, 6626624, 6628272, 6629920, 6631568,
      6633216, 6634864, 6636512, 6638160, 6639808, 6641456, 6643104, 6644752, 6646400,
      6648048, 6649696, 6651344, 6652992, 6654640, 6656288, 6657936, 6659584, 6661232,
      6662880, 6664528, 6666176, 6667824, 6669472, 6671120, 6672768, 6674416, 6676064,
      6677712, 6679360, 6681008, 6682656, 6684304, 6685952, 6687600, 6689248, 6690896,
      6692544, 6694192, 6695840, 6697488, 6699136, 6700784, 6702432, 6704080, 6705728,
      6707376, 6709024, 6710672, 6712320, 6713968, 6715616, 6717264, 6718912, 6720560,
      6722208, 6723856, 6725504, 6727152, 6728800, 6730448, 6732096, 6733744, 6735392,
      6737040, 6738688, 6740336, 6741984, 6743632, 6745280, 6746928, 6748576, 6750224,
      6751872, 6753520, 6755168, 6756816, 6758464, 6760112, 6761760, 6763408, 6765056,
      6766704, 6768352, 6770000, 6771648, 6773296, 6774944, 6776592, 6778240, 6779888,
      6781536, 6783184, 6784832, 6786480, 6788128, 6789776, 6791424, 6793072, 6794720,
      6796368, 6798016, 6799664, 6801312, 6802960, 6804608, 6806256, 6807904, 6809552,
      6811200, 6812848, 6814496, 6816144, 6817792, 6819440, 6821088, 6822736, 6824384,
      6826032, 6827680, 6829328, 6830976, 6832624, 6834272, 6835920, 6837568, 6839216,
      6840864, 6999072, 7000720, 7002368, 7004016, 7005664, 7007312, 7008960, 7010608,
      7012256, 7013904, 7015552, 7017200, 7018848, 7020496, 7022144, 7023792, 7025440,
      7027088, 7028736, 7030384, 7032032, 7033680, 7035328, 7036976, 7038624, 7040272,
      7041920, 7043568, 7045216, 7046864, 7048512, 7050160, 7051808, 7053456, 7055104,
      7056752, 7058400, 7060048, 7061696, 7063344, 7064992, 7066640, 7068288, 7069936,
      7071584, 7073232, 7074880, 7076528, 7078176, 7079824, 7081472, 7083120, 7084768,
      7086416, 7088064, 7089712, 7091360, 7093008, 7094656, 7096304, 7097952, 7099600,
      7101248, 7102896, 7104544, 7106192, 7107840, 7109488, 7111136, 7112784, 7114432,
      7116080, 7692880, 7694528, 7696176, 7697824, 7699472, 7701120, 7702768, 7704416,
      7706064, 7707712, 7709360, 7711008, 7712656, 7714304, 7715952, 7717600, 7719248,
      7720896, 7722544, 7724192, 7725840, 7727488, 7729136, 7730784, 7732432, 7734080,
      7735728, 7737376, 7739024, 7740672, 7742320, 7743968, 7745616, 7747264, 7748912,
      7750560, 7752208, 7753856, 7755504, 7757152, 7758800, 7760448, 7762096, 7763744,
      7765392, 7767040, 7768688, 7770336, 7771984, 7773632, 7775280, 7776928, 7778576,
      7780224, 7781872, 7783520, 7785168, 7786816, 7788464, 7790112, 7791760, 7793408,
      7795056, 7796704, 7798352, 7800000, 7801648, 7803296, 7804944, 7806592, 7808240,
      7809888, 7811536, 7813184, 7814832, 7816480, 7818128, 7819776, 7821424, 7823072,
      7824720, 7826368, 7828016, 7829664, 7831312, 7832960, 7834608, 7836256, 7837904,
      7839552, 7841200, 7842848, 7844496, 7846144, 7847792, 7849440, 8462496, 8464144,
      8465792, 8467440, 8469088, 8470736, 8472384, 8474032, 8475680, 8477328, 8478976,
      8480624, 8482272, 8483920, 8485568, 8487216, 8488864, 8490512, 8492160, 8493808,
      8495456, 8497104, 8498752, 8500400, 8502048, 8503696, 8505344, 8506992, 8508640,
      8510288, 8511936, 8513584, 8515232, 8516880, 8518528, 8520176, 8521824, 8523472,
      8525120, 8526768, 8528416, 8530064, 8531712, 8533360, 8535008, 8536656, 8538304,
      8539952, 8541600, 8543248, 8544896, 8546544, 8548192, 8549840, 8551488, 8553136,
      8554784, 8556432, 8558080, 8559728, 8561376, 8563024, 8564672, 8566320, 8567968,
      8569616, 8571264, 8572912, 8574560, 8576208, 8577856, 8579504, 8581152, 8582800,
      8584448, 8586096, 8587744, 8589392, 8591040, 8592688, 8594336, 8595984, 8597632,
      8599280, 8600928, 8602576, 8604224, 8605872, 8607520, 8609168, 8610816, 8612464,
      8614112, 8615760, 8617408, 8619056, 8620704, 8622352, 8624000, 8625648, 8627296,
      8628944, 8630592, 8632240, 8633888, 8635536, 8637184, 8638832, 8640480, 8642128,
      8643776, 8645424, 8647072, 8648720, 8650368, 8652016, 8653664, 8655312, 8656960,
      8658608, 8660256, 8661904, 8663552, 8665200, 8666848, 8668496, 8670144, 8671792,
      8673440, 8675088, 8676736, 8678384, 8680032, 8681680, 8683328, 8684976, 8686624,
      8688272, 8689920, 8691568, 8693216, 8694864, 8696512, 8698160, 8699808, 8701456,
      8703104, 8704752, 8706400, 8708048, 8709696, 8711344, 8712992, 8714640, 8716288,
      8717936, 8719584, 8721232, 8722880, 8724528, 8726176, 8727824, 8729472, 8731120,
      8732768, 8734416, 8736064, 8737712, 8739360, 8741008, 8742656, 8744304, 8745952,
      8747600, 8749248, 8750896, 8752544, 8754192, 8755840, 8757488, 8759136, 8760784,
      8762432, 8764080, 8765728, 8767376, 8769024, 8770672, 8772320, 8773968, 8775616,
      8777264, 8778912, 8780560, 8782208, 8783856, 8785504, 8787152, 8788800, 8790448,
      8792096, 8793744, 8795392, 8797040, 8798688, 8800336, 8801984, 8803632, 8805280,
      8806928, 8808576, 8810224, 8811872, 8813520, 8815168, 8816816, 8818464, 8820112,
      8821760, 8823408, 8825056, 8826704, 8828352, 8830000, 8831648, 8833296, 8834944,
      8836592, 8838240, 8839888, 8841536, 8843184, 8844832, 8846480, 8848128, 8849776,
      8851424, 8853072, 8854720, 8856368, 8858016, 8859664, 8861312, 8862960, 8864608,
      8866256, 8867904, 8869552, 8871200, 8872848, 8874496, 8876144, 8877792, 8879440,
      8881088, 8882736, 8884384, 8886032, 8887680, 8889328, 8890976, 8892624, 8894272,
      8895920, 8897568, 8899216, 8900864, 8902512, 8904160, 8905808, 8907456, 8909104,
      8910752, 8912400, 8914048, 8915696, 8917344, 8918992, 8920640, 8922288, 8923936,
      8925584, 8927232, 8928880, 8930528, 8932176, 8933824, 8935472, 8937120, 8938768]
    filename: [\\labnas1\Share\David\Extracted\Spatial\N2\18-23GradientC15\OutputFiles\20090226_N2g15_1823_tracks.bin]
  isSharpTurn: [false]
  operation: ['@(x)x.^2', '@(x)abs(x)', '@(x)x', '@(x)abs(x)', '@(x)abs(x)']
  datafields: [covRatio, deltatheta, speed, lrdtheta, ddtheta]
  name: [runs]
  priorProbability: [0.880803601975898]
  clustCov: [4.384180123630288, -0.01107175665512445, 0.11479760164355499, -0.0034303957659523768,
    -0.0022477050347270017, -0.01107175665512445, 0.003364380084906262, -0.004641073779423515,
    3.968957697957912E-4, 6.805308085019256E-5, 0.11479760164355499, -0.004641073779423515,
    0.18683783742224339, -8.070399756907234E-5, -0.007911227128541979, -0.0034303957659523768,
    3.968957697957912E-4, -8.070399756907234E-5, 1.0114546137429472E-4, 5.2466130817002195E-6,
    -0.0022477050347270017, 6.805308085019256E-5, -0.007911227128541979, 5.2466130817002195E-6,
    0.00397396226073256]
  typeCode: [0.0]
  clustMean: [8.003276299007581, 0.07522277347015813, 1.7736440695356712, 0.013033437463002317,
    0.07984981130836599]
weightOnKnown: [0.95]
derivationRules:
  interpTime: [0.25]
  smoothTime: [0.5]
  derivTime: [0.25]
